5 0.05724589991704103 0.47331193477061023 0.0664532824211805 0.08006419568816903
4 0.1232988613597807 0.5848680474294593 0.05284236915419171 0.0619163113321842
4 0.29743848698154873 0.2929006138199355 0.05044044328354639 0.07152401481476434
0 0.3314657701490208 0.567253924378062 0.046437233499138024 0.06298383394135942
2 0.30424394361504326 0.242327632282859 0.03682953001655788 0.05124108524042834
3 0.43234665671611416 0.39444960409038077 0.038430813930321224 0.05444365306795511
4 0.4863899888056282 0.32132430536185275 0.03602888805967609 0.05124108524042839
3 0.6289042571305697 0.21937589618558384 0.03602888805967623 0.050173562631252756
2 0.5204172719731001 0.35975511929217374 0.03843081393032163 0.05764622089548217
2 0.56285129568783 0.3229255892756161 0.032025678275267616 0.04803851741290154
5 0.5952772949415381 0.36722777755640257 0.03923145588720202 0.05764622089548187
5 0.6397129235484724 0.4536971088996256 0.04483594958537455 0.05978126611383303
4 0.4175329763685683 0.7646112646767819 0.03923145588720289 0.054443653067955185
4 0.39591564353276254 0.814784827308035 0.04563659154225654 0.05871374350465757
1 0.5128093692374897 0.800907033388752 0.04243402371472948 0.0629838339413598
0 0.59807773764539 0.655190197236284 0.03682953001655764 0.05124108524042817
1 0.6837464270317314 0.6325071459365376 0.036829530016557886 0.04803851741290158
5 0.710567932587268 0.680545663349439 0.04243402371472965 0.05657869828630621
2 0.9547637294361843 0.7552722459917302 0.053643011111073335 0.052308607849604026
