5 0.5479949393768028 0.1553245396350484 0.0996354435230546 0.07365906003311572
3 0.30886987492147083 0.2594079940296685 0.09109526264965037 0.07686162786064252
1 0.43626090628309117 0.24232763228285897 0.11244571483316182 0.10675226091755889
5 0.5444365306795508 0.2321861674956909 0.0982120800441546 0.09073942177992515
2 0.30744651144256985 0.333067054062784 0.09109526264965025 0.07686162786064224
0 0.39925345583167066 0.3154529310113866 0.11813916874876566 0.10568473830838379
4 0.5010239445730771 0.3352020992811353 0.093941989607452 0.08540180873404735
5 0.6390902020264531 0.31331788579303554 0.09678871656525294 0.08219924090652027
3 0.264033925336096 0.43501546323905305 0.0982120800441542 0.07792915046981802
4 0.35797591494354786 0.41152996583719026 0.12098589570656722 0.09927960265332984
5 0.45049454107209824 0.40192226235461015 0.07828499133954503 0.07152401481476406
2 0.8191456821074022 0.49266168413453476 0.12383262266436743 0.08646933134322249
3 0.303888102745318 0.5241536011052148 0.11813916874876533 0.08753685395239832
5 0.5373197132850465 0.5476390985070784 0.10959898787535938 0.08326676351569652
4 0.22631479314522518 0.626102010281484 0.11102235135426133 0.07579410525146708
4 0.3956950471344187 0.579664776782346 0.10532889743865873 0.08113171829734415
5 0.3494357340701433 0.651722552901698 0.12098589570656695 0.09073942177992521
0 0.4426660419381448 0.6794781407402634 0.14518307484788087 0.11208987396343688
4 0.296771285350814 0.7227128064118747 0.1409129844111779 0.10248217048085691
5 0.369362822774754 0.783027833830296 0.13806625745337694 0.10781978352673423
5 0.6027944333144832 0.7173751933659966 0.16084007311578866 0.12169757744601709
0 0.5466587319700991 0.797170704256638 0.10675226091755877 0.08540180873404739
4 0.4868774658562658 0.882038751686097 0.12667934962216962 0.10781978352673406
