1 0.4609754713769691 0.06619134973618017 0.04513046572921375 0.07048948932943862
3 0.18503490948977638 0.2845368410737096 0.07349818704471953 0.10143609440089954
4 0.2611119802904511 0.2828175852364062 0.06318265202089929 0.09455907105168591
0 0.3378337720301143 0.2905542365042714 0.06447209389887684 0.09283981521438257
0 0.38360895869831696 0.22350325884943956 0.05286711699707894 0.07908576851595552
1 0.4487257735361825 0.2260821426053946 0.04641990760719125 0.07736651267865213
5 0.4932115183264074 0.1822411187541584 0.045130465729213684 0.07908576851595556
3 0.6053929617104531 0.13668083906561881 0.04770934948516881 0.07736651267865216
5 0.5667097053711269 0.1882585141847202 0.047709349485168806 0.07392800100404537
4 0.6808253115721391 0.146996374089439 0.05931432638696679 0.0979975827262927
4 0.7704415220915776 0.2037318167204507 0.05028823324112385 0.08080502435325887
2 0.7672179173966339 0.44356800602427227 0.0567354426310115 0.07908576851595556
3 0.6028140779544982 0.42809470348854184 0.047709349485168785 0.07908576851595545
3 0.589274938235734 0.43411209891910374 0.023209953803595695 0.0017192558373033506
2 0.3842536796373057 0.39972698217303626 0.05415655887505667 0.08424353602786558
0 0.1263653040417985 0.5467233562624753 0.06705097765483185 0.0859627918651691
4 0.20373181672045063 0.5269519141334864 0.06447209389887679 0.0808050243532589
1 0.375227586491463 0.5604774029609022 0.06447209389887681 0.08596279186516895
1 0.5054612161671941 0.5639159146355089 0.05415655887505651 0.08252428019056218
0 0.5447891934455089 0.6619134973618016 0.05286711699707903 0.07564725684134885
4 0.9426198364299995 0.7171824147635939 0.07349818704471957 0.07392800100404559
0 0.4906704581988733 0.7807948807438189 0.0567354426310115 0.08424353602786568
5 0.5351562029890982 0.8839502309820219 0.06318265202089925 0.0842435360278658
2 0.13668083906561884 0.8839502309820216 0.07478762892269714 0.08768204770247263
