5 0.25888476250121695 0.16028153283223787 0.053922114897242315 0.07345911304841703
3 0.36848732212930757 0.17747409120527177 0.04806101545189002 0.0734591130484172
4 0.4868815309254268 0.19310368972621159 0.05274989500817185 0.07345911304841714
2 0.5302536668210343 0.15324821349781492 0.03633881656118412 0.05939247437957109
4 0.600000750220728 0.1649704123885197 0.058610994453523135 0.09846647068192045
3 0.5490091850461619 0.20560736854296338 0.05040545523003044 0.0765850327526052
2 0.3925178298552524 0.28609980092580345 0.05392211489724225 0.07502207290051101
0 0.09436370107017417 0.5416437367431695 0.06916097345515873 0.08283687216098104
2 0.19576072147477125 0.48381422221569237 0.06564431378794723 0.07658503275260499
1 0.4044158617293179 0.3837847916816775 0.05626655467538335 0.07345911304841707
4 0.425515819732586 0.4666216638426583 0.044544355784678455 0.06408135393585276
5 0.2937375168350316 0.6967857886937674 0.05978321434259484 0.06877023349213517
0 0.369345699680078 0.7366412649221639 0.06564431378794723 0.0859627918651691
0 0.5797591697682304 0.8671484125720113 0.06212765412073586 0.0812739123088872
3 0.5188037355365651 0.6553673526132768 0.06681653367701777 0.08596279186516903
1 0.6606423421140937 0.5021972871080663 0.059783214342594725 0.070333193344229
5 0.6377840542772194 0.5631527213397317 0.07267763312237005 0.08908871156935673
1 0.7116339072886597 0.5615897614876376 0.05626655467538412 0.060955434231665606
0 0.716322786844942 0.6303599949797731 0.06095543423166518 0.0703331933442292
4 0.8358892155301312 0.6483340332788536 0.05861099445352384 0.06877023349213512
5 0.9273223668776289 0.7092894675105186 0.07267763312236912 0.07189615319632246
1 0.5733119603783423 0.6780302704686393 0.049233235340960475 0.06251839408375984
1 0.6231313056638383 0.729607945587741 0.05743877456445375 0.07189615319632324
