4 0.2691656932151822 0.8865110969669145 0.09762486282415912 0.08472443452239493
0 0.3382004176408377 0.8253212275896286 0.11854447628647904 0.10041414461913503
3 0.4944001981594927 0.8143384305219109 0.10180878551662312 0.08263247317616326
3 0.49091359591577244 0.7123553148931017 0.13946408974879862 0.10669002865783121
4 0.7865774661832269 0.630245832053496 0.11993911718396683 0.08054051182993115
1 0.5013734026469325 0.6108951896008502 0.09901950372164679 0.06903472442565521
3 0.39886729668156534 0.6265848996975902 0.11436055359401477 0.08158649250304721
5 0.20292025058450266 0.6135101412836402 0.12133375808145509 0.08263247317616339
5 0.2656790909714621 0.5591191462816084 0.12133375808145504 0.08472443452239506
5 0.7175852182586813 0.471779760076423 0.1073873491065748 0.07740256981058306
0 0.47770698389074717 0.512050015991389 0.12970160346638307 0.09518424125355511
2 0.38496336420779576 0.488515450846279 0.10320342641411118 0.07740256981058323
0 0.4205267070937394 0.43987734954638535 0.10459806731159911 0.07844855048369939
0 0.6604049414616732 0.3891472869002596 0.11575519449150168 0.087862376541743
2 0.5676188452776119 0.3273919506853059 0.10599270820908664 0.08577041519551135
3 0.4867296732233087 0.288167675443456 0.1283069625688945 0.11191993202341108
5 0.30193975430614983 0.22436285438338055 0.11575519449150279 0.0993681639460193
0 0.434430639567509 0.154805139621167 0.07949453115681497 0.08577041519551142
4 0.44907436899113323 0.09832218327290329 0.09204629923420737 0.08158649250304743
