1 0.12443114122483227 0.40316549384764255 0.08897148958045004 0.0945590710516857
0 0.43712079663438463 0.2570287476768555 0.07736651267865213 0.10487460607550629
3 0.5647755425541605 0.16590818829977627 0.06962986141078688 0.0979975827262927
3 0.6240898689411273 0.25273060808359704 0.07478762892269697 0.09627832688898927
5 0.778822894298432 0.263905771026069 0.07220874516674192 0.0876820477024724
1 0.2475728405716869 0.649878706500678 0.07994539643460716 0.10659386191280959
1 0.327518237006294 0.6808253115721391 0.08252428019056236 0.11003237358741687
0 0.8574788488550614 0.5037419603298907 0.07736651267865227 0.072208745166742
3 0.7717309639695551 0.4177791684647216 0.07091930328876449 0.08596279186516897
2 0.7407843588980941 0.5604774029609022 0.10702367587213567 0.1169093969366298
4 0.6124848920393293 0.4693568435838232 0.09541869897033756 0.11003237358741651
5 0.5241581233978683 0.43411209891910374 0.10186590836022516 0.12894418779775346
5 0.5112637046180928 0.5441444725065199 0.08639260582449487 0.09799758272629264
4 0.5763805194559586 0.5518811237743857 0.05673544263101192 0.07564725684134865
3 0.6208662642461834 0.597441403462925 0.08897148958045048 0.09799758272629268
4 0.6801805906331502 0.6301072643716891 0.07607707080067433 0.09799758272629293
3 0.48354070424157586 0.6309668922903411 0.0670509776548319 0.08252428019056236
1 0.9400409526740445 0.31892195781977717 0.08639260582449484 0.09799758272629264
0 0.24116345481022017 0.7747774853132572 0.07865595455662973 0.11003237358741658
0 0.4236194805440415 0.9234931152399994 0.06705097765483195 0.10487460607550605
3 0.8510694630935941 0.8117414858152798 0.08381372206853975 0.0979975827262924
3 0.5603003196096603 0.8340918117002236 0.07478762892269701 0.10143609440089967
1 0.4900257372598846 0.8444073467240443 0.08381372206853989 0.11519014109932676
