0 0.2911649875074078 0.2519353357654393 0.05978126611383301 0.05124108524042832
4 0.5971881354710772 0.19428911486995748 0.059781266113832957 0.05124108524042839
4 0.624943723309642 0.21403828313970588 0.052664448719329585 0.04590347219455042
0 0.48403073889846426 0.36028888059676184 0.07259153742394014 0.06298383394135983
0 0.3601981162340961 0.41633381757848026 0.0612046295927339 0.04697099480372599
0 0.8220795651374001 0.4483594958537479 0.056934539156031416 0.0448359495853747
3 0.08397844525514646 0.5898062415695137 0.07116817394503935 0.05017356263125269
0 0.3003296940480661 0.5625844150355362 0.07686162786064255 0.053376130458779654
0 0.3729212314720062 0.5465715758979023 0.05408781219822993 0.04270090436702338
3 0.8490363151643191 0.5070732393584054 0.061204629592733435 0.0469709948037258
5 0.9066825360598005 0.5476390985070778 0.07116817394503946 0.05124108524042847
3 0.7123934211898435 0.6442498946374687 0.06974481046613801 0.050173562631252396
0 0.6148930228851399 0.7403269294632718 0.06832144698723748 0.050173562631252416
2 0.7116817394503936 0.7445970198999743 0.0683214469872377 0.050173562631252666
4 0.7985069116633415 0.7408606907678598 0.09109526264965041 0.06405135655053541
2 0.1651101635524913 0.6717367976785057 0.07970835481844403 0.05017356263125304
4 0.2796909236040047 0.8820387516860972 0.0697448104661386 0.054443653067955185
1 0.515257579362085 0.8686947190714023 0.07970835481844403 0.06618640176888661
3 0.7458424629440124 0.9188682817026552 0.08255508177624561 0.06618640176888661
