1 0.3764796401692583 0.15212197180752163 0.061204629592733824 0.04803851741290158
0 0.5629402559052613 0.12490014527354408 0.06120462959273389 0.051241085240428336
3 0.7807148681770818 0.12116381614142951 0.061204629592733824 0.04803851741290158
3 0.7807148681770818 0.20229553443877443 0.05551117567713078 0.04803851741290156
2 0.3501474158095935 0.2876973431728216 0.07970835481844392 0.05871374350465739
2 0.6412252472448047 0.32345935058020375 0.06974481046613842 0.053376130458779404
0 0.27542083316730237 0.38217309408486144 0.06120462959273389 0.04270090436702361
3 0.4903487184813211 0.4077936367050756 0.06689808350833694 0.04910604002207712
0 0.5736154819970173 0.4029897849637854 0.059781266113833026 0.04376842697619928
0 0.3928483201766173 0.4814526967381913 0.06547472002943622 0.044835949585374735
5 0.21706293053237005 0.5252211237143904 0.06689808350833698 0.04270090436702361
5 0.2825376505618062 0.5513754276391923 0.07259153742394014 0.04590347219455041
4 0.5956776159199793 0.4857227871748936 0.06405135655053533 0.04483594958537468
4 0.4440894054170456 0.5294912141510929 0.059781266113833026 0.04056585914867242
4 0.23058488358192744 0.6180955907126663 0.06262799307163464 0.03843081393032087
0 0.7650578699091725 0.6047515580979717 0.05266444871932887 0.037363291321145416
0 0.5416769597939465 0.6578590037592232 0.06262799307163469 0.04803851741290174
0 0.6470058572326047 0.6882833981207276 0.07970835481844393 0.06405135655053529
3 0.5936297267738252 0.7085663276950638 0.05835790263493223 0.0491060400220772
3 0.7900538868621336 0.7550035611942019 0.055511175677130625 0.04590347219455027
0 0.6327722224435969 0.822791246876852 0.059781266113833026 0.053376130458779446
5 0.708922168564789 0.833466472968608 0.07259153742394005 0.0683214469872378
1 0.4932826015113197 0.942353779104518 0.05124108524042832 0.05124108524042853
