0 0.157716857802211 0.3218276422720791 0.057545340008914855 0.07530624741907371
2 0.22485308781261165 0.23728572299972278 0.05967664889813401 0.07672712001188643
3 0.24190355892636417 0.4745714459994456 0.059676648898133886 0.07388537482626091
2 0.3484690033873176 0.3310633141253618 0.06180795778735296 0.0824106103831373
0 0.4529031389590517 0.4141843608049055 0.05328272223047668 0.07814799260469912
4 0.5003247617441761 0.35592858449958426 0.0564796855643052 0.08098973779032455
2 0.4342541861783852 0.15274380372736648 0.05861099445352462 0.08383148297594997
5 0.4763475367404618 0.09306715482923263 0.06820188445501016 0.11224893483220426
4 0.534958531193986 0.11580111631423598 0.05328272223047662 0.09519846371845164
1 0.6398087977219777 0.1520333674309601 0.057545340008914855 0.07672712001188642
4 0.7309222527360933 0.11438024372142326 0.07779277445649624 0.10656544446095335
3 0.8001897916357126 0.2244978696644084 0.08418670112415313 0.11366980742501692
5 0.6627203682810832 0.2621509933739453 0.054348376675086255 0.07814799260469918
5 0.7383818338483595 0.40139650746959105 0.05434837667508632 0.07246450223344836
2 0.8108463360818086 0.521460241562265 0.06926753889962066 0.07956886519751176
0 0.2365752867033165 0.6774619214315147 0.07885842890110568 0.08241061038313754
0 0.5300463899271959 0.8302057251588812 0.06180795778735317 0.08951497334720099
5 0.6882960749517114 0.594340874751971 0.05647968556430527 0.06962275704782271
0 0.8310937705293893 0.5929200021591582 0.07139884778883882 0.07530624741907367
3 0.7064122005100738 0.7314550799583976 0.060742303342743525 0.0738853748262609
5 0.5849275938245868 0.7207985355123023 0.05647968556430527 0.07814799260469925
5 0.5673442954885299 0.7946839103385633 0.06820188445501048 0.09235671853282622
5 0.5961169654929871 0.8486770688654462 0.06180795778735291 0.08951497334720085
