5 0.20647486051281103 0.13290656484236102 0.05835790263493223 0.050173562631252756
3 0.253445855316537 0.21884213488099605 0.06405135655053541 0.053376130458779515
0 0.898941192998044 0.19268783095619402 0.06832144698723774 0.05017356263125274
3 0.2214201770412693 0.3015751370921043 0.05978126611383306 0.045903472194550474
0 0.23280708487247548 0.388044468435327 0.07401490090284069 0.05657869828630582
5 0.24988744661928497 0.48252021934736655 0.08540180873404717 0.0619163113321842
3 0.41499761017177633 0.383240616694037 0.05408781219822991 0.046970994803726
5 0.6697796728950175 0.34854613189583006 0.06547472002943627 0.054443653067955074
2 0.9345252799705638 0.33520209928113537 0.06262799307163476 0.04483594958537477
0 0.3360009370927826 0.5556455180758949 0.07259153742394016 0.05657869828630638
1 0.5075162363003275 0.5492403824208412 0.05978126611383312 0.045903472194550404
1 0.7950356590382865 0.5001343423987641 0.07401490090284077 0.05017356263125266
4 0.8049992033905916 0.5631181763401235 0.08824853569184805 0.06084878872300864
2 0.6889950798601779 0.6170280681034913 0.07259153742394005 0.04910604002207712
4 0.6619511737610629 0.737658122940333 0.06405135655053548 0.04270090436702361
1 0.35663970753684426 0.7152401481476457 0.056934539156031604 0.04270090436702349
3 0.20709938618006454 0.746997141625385 0.06974481046613852 0.05124108524042828
3 0.38715486626101403 0.8649583899392878 0.08824853569184862 0.07152401481476459
0 0.5707687550392158 0.8601545381979976 0.0683214469872378 0.05551117567713078
