0 0.5416769597939464 0.9247396560531206 0.08255508177624545 0.07365906003311552
4 0.8035758399116911 0.613556815478436 0.09109526264965051 0.06405135655053525
4 0.5886479545976722 0.6514538681041693 0.11102235135426138 0.0821992409065202
5 0.4705087858489069 0.6375760741848866 0.09678871656525344 0.07365906003311583
0 0.517479780652633 0.589537556771985 0.07970835481844378 0.06084878872300821
1 0.6164035424362377 0.5329588584856788 0.0982120800441542 0.06938896959641311
0 0.8092692938272943 0.44275319801034163 0.0882485356918488 0.06191631133218412
2 0.45271674236264703 0.43207797191858566 0.11529244179096355 0.08540180873404694
1 0.6548343563665591 0.402721100166257 0.08682517221294807 0.05444365306795504
1 0.7217324398748954 0.37496551232769165 0.10105880700195553 0.0672539243780622
5 0.6299254954857949 0.3199880979551488 0.12240925918546756 0.08540180873404721
5 0.6988714681402867 0.25887423272508076 0.08255508177624561 0.052308607849604005
0 0.763634506430272 0.18788397921490385 0.08682517221294812 0.06405135655053534
2 0.4149104540995792 0.3432085188499523 0.07828499133954327 0.05657869828630617
1 0.5173926245804362 0.28342725273611924 0.09251862612855125 0.07365906003311577
5 0.48963703674187065 0.20122801182959857 0.08540180873404662 0.06938896959641305
0 0.40992868192342674 0.28289349143153153 0.09394198960745195 0.07259153742394016
5 0.2377017009764314 0.340005951022425 0.09963544352305495 0.07365906003311552
0 0.10248217048085667 0.19001902443325502 0.1281027131010708 0.09821208004415422
