1 0.23921222052752902 0.2220447027085228 0.1039055339597573 0.08967189917074954
1 0.36660325188914944 0.22471350923146172 0.11102235135426138 0.09714455743497867
5 0.5338484606599919 0.23218616749569088 0.1152924417909635 0.11635996440013936
1 0.695400215515231 0.252469097070027 0.1138690783120623 0.09500951221662726
5 0.10470437177140475 0.4344817019344653 0.11102235135426142 0.07686162786064252
2 0.4676620588911048 0.31705421492515 0.09963544352305398 0.08540180873404667
4 0.3623331614524471 0.3533499836371202 0.1110223513542611 0.09180694438910039
5 0.2235552222596201 0.43928555367575484 0.175073707904796 0.1313052809285963
2 0.8982295112585933 0.3901795136536779 0.1352195304955739 0.09500951221662683
2 0.5245965980471369 0.3773692423435708 0.11956253222766604 0.09714455743497866
3 0.6249437233096422 0.4077936367050755 0.1039055339597578 0.08753685395239869
1 0.4342130171369369 0.4147325336647169 0.1181391687487656 0.09073942177992537
3 0.3886653858121116 0.4697099480372593 0.12952607657997134 0.09180694438910068
2 0.7644333442419193 0.492127922829947 0.146606438326781 0.10675226091755886
1 0.3344904175416846 0.5361614263132054 0.10817562439646056 0.0821992409065217
3 0.439819314980343 0.5420328006636713 0.12240925918546801 0.09394198960745269
2 0.15443493746073536 0.6594602876729865 0.19215406965160622 0.1259676678827193
4 0.3188334192737763 0.6503863454949937 0.12525598614326916 0.08646933134322275
0 0.4640164941216567 0.6359747902711236 0.11386907831206301 0.08326676351569602
3 0.5914075254832768 0.6509201067995815 0.13521953049557425 0.10248217048085607
2 0.7800031864376313 0.6252995641793675 0.13379616701667416 0.0896718991707496
2 0.4953304906574736 0.7854279555557059 0.14233634789007865 0.11742748700931446
0 0.5906958437438263 0.8457429829741269 0.1337961670166742 0.11422491918178881
