5 0.05404333208951423 0.6957560563849563 0.04243402371472968 0.051241085240428134
3 0.07726194883908323 0.7427270511886828 0.04243402371472968 0.055511175677130604
0 0.13570881169144663 0.6220969963518407 0.036028888059676106 0.049106040022076816
4 0.18735021791031614 0.5687208658930615 0.04003209784408462 0.05124108524042839
2 0.22618135281907822 0.8868426034273874 0.047237875456019866 0.07045649220558886
1 0.2562054262021417 0.6509201067995818 0.040032097844084645 0.053376130458779425
5 0.3602888805967616 0.7672800711997209 0.038430813930321175 0.0555111756771308
2 0.4635716930345002 0.7827591490327673 0.04163338175784809 0.06511887915971101
4 0.3322664121059025 0.6236982802656041 0.046437233499138225 0.07152401481476442
4 0.2938355981755813 0.502000702819587 0.04003209784408469 0.054443653067955185
1 0.3350686589549885 0.5169460193480453 0.04083273980096627 0.05017356263125274
0 0.3606892015752026 0.4673062180213802 0.03923145588720292 0.0555111756771307
0 0.3482792512435364 0.4614348436709146 0.01921540696516054 0.0010675226091755973
4 0.44916013781062974 0.4582322758433878 0.03522824610279443 0.052308607849603984
3 0.6008817886397105 0.4753126375901969 0.03122503631838585 0.050173562631252715
3 0.38630974419541664 0.6135568154784363 0.042434023714729735 0.05978126611383321
1 0.42113766931977026 0.6402448807078259 0.05284236915419225 0.07472658264229155
1 0.5032034699001439 0.5841999437261074 0.0344276041459128 0.05230860784960398
3 0.5180153461024546 0.6338397450527719 0.033626962189030864 0.05337613045877971
3 0.6817466262847612 0.5404315167499081 0.04083273980096634 0.05230860784960392
1 0.6709379598668587 0.5761935241572905 0.05124108524042839 0.06832144698723788
3 0.6661341081255684 0.6354410289665356 0.048038517412901084 0.07365906003311529
1 0.33626962189031095 0.35975511929217396 0.03202567827526768 0.044835949585374554
2 0.9443553839967221 0.5548430719737785 0.047237875456019734 0.05978126611383276
