4 0.6388055293306729 0.7375495665341808 0.15343858302550434 0.11390466239903504
3 0.22780932479807092 0.7363752916640878 0.1362158849308052 0.09746481421773125
2 0.3139228152715687 0.6512403635823344 0.13308448527722366 0.09629053934763825
1 0.504155344226659 0.5484913124491839 0.0845477906467066 0.06928221733549578
2 0.31627136501175496 0.5590597862800222 0.1064675882217786 0.0857220655167998
4 0.6270627806297405 0.4850804694641536 0.10177048874140375 0.07867641629624086
0 0.4062991050522298 0.48742901920433973 0.09237628978066124 0.07867641629624061
1 0.5198123424945673 0.4246053136543565 0.1158617871825237 0.09629053934763808
3 0.4125619043593934 0.40522977829781964 0.12369028631647834 0.10216191369810394
4 0.26147187107407477 0.36178160810437304 0.14404438406475967 0.11625321213922175
4 0.7147419709300293 0.3428882620671993 0.11742748700931266 0.08924489012707859
4 0.8501750059474398 0.22487363762283816 0.10020478891461408 0.0763278665560547
0 0.7100448714496573 0.27654173190693654 0.10490188839498753 0.0833735157766133
0 0.6638567265593268 0.21782798840227924 0.10646758822177782 0.09981336395791765
2 0.6129714821886239 0.28417451856254217 0.07985069116633353 0.07280504194577518
5 0.5409492901562445 0.3293841010611285 0.09863908908782455 0.08807061525698617
5 0.46031574907651474 0.31176997800973105 0.07828499133954334 0.07632786655605461
4 0.48145269673819113 0.25070768476488736 0.08611349047349712 0.08337351577661355
0 0.11821033692271055 0.23955207349900248 0.10803328804856975 0.08689634038689302
