5 0.6384656763591999 0.8404053699282489 0.09394198960745158 0.07365906003311525
3 0.34738784492398866 0.8606882995025853 0.0839784452551464 0.06938896959641323
2 0.43848310757363906 0.7945018977336987 0.10390553395975698 0.08219924090652025
5 0.3630448431918974 0.7101676116088269 0.11244571483316192 0.08646933134322277
0 0.6640862189794138 0.6589265263683987 0.0939419896074514 0.06298383394136016
5 0.4470232884470439 0.5996790215591534 0.11529244179096354 0.0811317182973447
2 0.8192328381795997 0.4806502506360751 0.11102235135426103 0.06938896959641326
1 0.8377365634053098 0.4043223840800204 0.09394198960745163 0.061916311332184136
1 0.45769851453879995 0.5164122580434575 0.10817562439645989 0.08113171829734497
2 0.5338484606599913 0.47691392150396006 0.10390553395975691 0.07686162786064162
1 0.38937706755156215 0.4785152054177238 0.09109526264965019 0.06725392437806184
0 0.4925709197718689 0.42086898452224203 0.09251862612855032 0.06725392437806192
4 0.3964938849460659 0.3941809192928522 0.0854018087340469 0.07152401481476425
5 0.6526993111482075 0.33253329275819626 0.1252559861432688 0.09714455743497846
4 0.4399064710525398 0.31491916970679906 0.0811317182973444 0.07045649220558896
2 0.5715675928508629 0.28609605925905834 0.0768616278606424 0.06405135655053547
4 0.5559105945829543 0.21990965749017152 0.0967887165652535 0.07899667307899365
3 0.12027421396711635 0.18201260486443807 0.09251862612855084 0.07792915046981784
5 0.8392620781547082 0.08880453705079444 0.09472483952084727 0.0753062474190737
