5 0.4085924745167228 0.19108654704243072 0.06689808350833701 0.055511175677130674
5 0.10399269003195435 0.3090477953563335 0.07828499133954331 0.054443653067955074
3 0.18085431789259687 0.4334141793252897 0.06689808350833695 0.044835949585374804
2 0.3352892553533323 0.32292558927561615 0.06262799307163462 0.04803851741290163
3 0.3915121127699134 0.29730504665540197 0.0725915374239402 0.05871374350465754
5 0.5594690032802063 0.310115317965509 0.06120462959273389 0.05017356263125272
1 0.6349072676619477 0.3171236131675058 0.06405135655053537 0.05230860784960392
2 0.904634646913647 0.28242912836929923 0.08540180873404721 0.06618640176888665
1 0.8761673773356313 0.3390078266556054 0.05978126611383317 0.042700904367023534
3 0.6583927650638108 0.37583735667216345 0.05408781219822998 0.04803851741290167
1 0.8975178295191435 0.3822424923272168 0.08824853569184819 0.06084878872300861
2 0.9259850990971592 0.5169460193480448 0.07401490090284081 0.050173562631252784
2 0.8469884260181649 0.67547312681062 0.08682517221294737 0.057646220895481465
1 0.3338658918744313 0.5100071223884037 0.06262799307163465 0.04270090436702361
4 0.39578220320661556 0.5057370319517014 0.058357902634932374 0.04056585914867249
3 0.504669509342526 0.5548430719737784 0.07970835481844432 0.05764622089548174
3 0.6398890398381006 0.5409652780544958 0.06832144698723795 0.044835949585374874
1 0.201493088336658 0.6204957124380769 0.08540180873404726 0.05230860784960381
3 0.17160245527974147 0.6573252424546354 0.0683214469872378 0.046970994803726074
5 0.18939449876600128 0.7229778829189338 0.08682517221294801 0.0629838339413599
1 0.6306371772252455 0.6674667072418035 0.06120462959273396 0.04803851741290146
0 0.5829545006820691 0.6962898176895442 0.0683214469872378 0.05017356263125279
2 0.5559105945829541 0.7491321868437362 0.07686162786064245 0.05978126611383317
