1 0.7273387377183017 0.8702960029851659 0.07970835481844415 0.06725392437806235
2 0.32025678275267716 0.7437945737978581 0.07401490090284098 0.055511175677130625
4 0.2398367461947824 0.7459296190162097 0.08397844525514615 0.05978126611383285
0 0.15158821050293347 0.670135513764743 0.09251862612855101 0.05764622089548244
2 0.6177397498429417 0.6658654233280403 0.08255508177624561 0.059781266113833095
0 0.39284832017661736 0.6455824937537042 0.09963544352305523 0.0747265826422919
5 0.45974640368495406 0.5201485871755718 0.08255508177624545 0.05871374350465755
4 0.33022032710498267 0.5431003232728472 0.07686162786064255 0.051241085240428245
2 0.13735457571392595 0.4961293284691207 0.08682517221294797 0.05764622089548179
5 0.6917546507457826 0.4753126375901971 0.09109526264965041 0.06298383394135981
3 0.5088524437070309 0.4753126375901967 0.09251862612855032 0.07152401481476368
3 0.7743097325220276 0.40645742929837114 0.09109526264964962 0.05978126611383217
0 0.7266270559788515 0.3477436857937139 0.09821208004415395 0.0747265826422909
1 0.5579584837291088 0.4032548614708446 0.07401490090284098 0.05764622089548165
4 0.42060390801518255 0.3984510097295545 0.058357902634931964 0.04590347219455038
0 0.3231035097104787 0.4304766880048224 0.06832144698723784 0.05017356263125274
4 0.10461721569920762 0.3605539571038209 0.07828499133954311 0.05551117567713035
3 0.48118401194066274 0.20176177313418645 0.0668980835083367 0.059781266113832804
3 0.654834356366558 0.11956253222766605 0.05835790263493223 0.05551117567713049
