3 0.9156001679869246 0.6789589030647606 0.07502207290051116 0.08752575171726314
3 0.7977920691353405 0.7266291785536271 0.08088317234586354 0.09534055097773259
2 0.6793978603392209 0.5726776331223697 0.071505413233299 0.07814799260469894
0 0.5850341592690466 0.6375404669842699 0.08908871156935691 0.10784422979448385
5 0.4695705001956044 0.7086551402545463 0.05509433478631261 0.07502207290051088
0 0.5129426360912126 0.5118693515607792 0.0926053712365685 0.11409606920286064
0 0.4484705421923358 0.5579766671975516 0.05978321434259489 0.07814799260469907
4 0.5932396984925405 0.34306968753462885 0.07502207290051119 0.09221463127354443
5 0.5856202692135823 0.23991433729642622 0.09260537123656834 0.12034790861123659
4 0.5498675625969325 0.16176634469172707 0.0726776331223701 0.10471831009029672
1 0.464295510694787 0.415747320656999 0.07267763312237026 0.09065167142145075
5 0.4725010499182805 0.2774253737466818 0.0632998740098059 0.08596279186516907
3 0.46429551069478714 0.19771442128988873 0.06798875356608822 0.09221463127354483
3 0.16293856458079767 0.6858450697291093 0.08439983201307501 0.10940718964657879
1 0.29012442254494547 0.538145363706228 0.06447209389887666 0.08908871156935688
1 0.3399437678304401 0.4092011759084744 0.0750220729005109 0.10002943053401449
2 0.2918827523785511 0.35996794056751397 0.0726776331223701 0.09534055097773265
0 0.10725811984994951 0.535800923928087 0.08322761212400451 0.09065167142145097
5 0.09436370107017403 0.43030113391174313 0.07853873256772236 0.09221463127354447
