5 0.4903487184813212 0.8884438873411509 0.10390553395975743 0.08006419568816923
2 0.8106055012339979 0.6973573402987199 0.09251862612855102 0.06725392437806181
0 0.3622460053802503 0.637042312880299 0.08397844525514643 0.05978126611383264
5 0.14233634789007873 0.6482513002766425 0.09109526264965039 0.06084878872300861
2 0.08682517221294801 0.6039491119958559 0.08824853569184878 0.05551117567713071
2 0.6497654281182093 0.5148109741296941 0.10675226091755921 0.08646933134322272
5 0.40281186452892276 0.5825986598123442 0.08824853569184865 0.06618640176888657
1 0.22346806618742351 0.5751260015481148 0.12810271310107077 0.08967189917074958
1 0.5259328054538408 0.5169460193480453 0.08967189917074955 0.0693889695964131
3 0.4327024975858392 0.5025344641241746 0.09678871656525313 0.07472658264229086
0 0.3608226419013494 0.528155006744389 0.09251862612855109 0.0640513565505353
2 0.3508590975490435 0.4587660371479753 0.10675226091755871 0.07899667307899345
5 0.2725741062095007 0.4566309919296244 0.08113171829734471 0.07259153742394019
1 0.36722777755640307 0.3837743779986248 0.0882485356918486 0.06725392437806219
3 0.19144238791215584 0.33093200884443286 0.0811317182973449 0.059781266113832936
3 0.5800206176520702 0.31438540840221124 0.06974481046613773 0.06938896959641326
0 0.4654398576005569 0.3170542149251501 0.0939419896074519 0.08540180873404707
2 0.3266619184077306 0.2716845040351877 0.07259153742394012 0.06298383394135978
1 0.738013963810058 0.12169757744601727 0.06405135655053515 0.05978126611383299
