4 0.910911288430642 0.4548213169593479 0.08205539223493213 0.08752575171726122
2 0.6987394885088837 0.1023738703121556 0.07736651267865066 0.1078442297944843
3 0.42903247939979794 0.9171631278390184 0.07033319334422901 0.10628126994239037
4 0.3897631131159365 0.7249190660314585 0.08791649168028606 0.13128862757589374
2 0.3352548882741592 0.7890004199673111 0.07971095245679284 0.12191086846333049
3 0.17876353308324905 0.8210410969352381 0.07619429278958136 0.09846647068191965
1 0.6142432218729347 0.5431285486026587 0.07736651267865173 0.09846647068192055
5 0.5450822484177761 0.6150247017989817 0.09846647068192006 0.1297256677237998
1 0.4688879556281944 0.5978321434259477 0.06329987400980601 0.08908871156935694
2 0.5198795208027606 0.505617512152403 0.0761942927895813 0.09534055097773249
1 0.43372135895608005 0.5063989920784501 0.07502207290051113 0.10628126994239057
3 0.29774385182390367 0.6259654207636399 0.07033319334422923 0.08908871156935688
2 0.20455237064279977 0.6048654627603709 0.0949498110147092 0.1062812699423903
1 0.23913285737037882 0.5259359902296239 0.08674427179121517 0.11097014949867043
1 0.2848494330441282 0.42356211991746895 0.06798875356608798 0.08439983201307473
1 0.1652830043589385 0.4368472786602674 0.1195664286851894 0.13597750713217635
3 0.3545965164438221 0.30086977152809147 0.0808831723458634 0.11409606920286045
4 0.21451623969989903 0.3266586090876419 0.07033319334422898 0.0875257517172629
1 0.262577255151789 0.18911814210337183 0.07971095245679313 0.11253310935076671
5 0.1623524546362624 0.22975509825781526 0.08791649168028641 0.11565902905495448
