0 0.22112329725647828 0.07601668371548007 0.04156052333977182 0.06393926667657202
3 0.4907338717426903 0.08454191927235638 0.04156052333977182 0.06393926667657204
5 0.32022916060516493 0.2578883755955072 0.05008575889664807 0.06962275704782286
2 0.2562898939285929 0.3914503993199019 0.052217067785867155 0.06678101186219745
5 0.44437790340217576 0.28914757263738694 0.04475748667360049 0.06393926667657204
2 0.6223421956519675 0.28843713634098056 0.05967664889813323 0.07956886519751208
0 0.3442063856088794 0.5065410793377317 0.0468887955628194 0.06109752149094656
5 0.496062143965738 0.39145039931990205 0.045823141118210016 0.058255776305321506
5 0.42466329617689924 0.4667566467389759 0.05221706778586714 0.06962275704782295
4 0.47101926451741394 0.4582314111820995 0.04262617778438127 0.058255776305321166
1 0.5994306250928625 0.43620788599350235 0.06074230334274346 0.07956886519751191
5 0.3137185376714604 0.6561488325393242 0.049020104452038554 0.06251839408375934
4 0.2806832498885649 0.7797647481140302 0.04688879556281946 0.0653601392693841
1 0.3909784849056516 0.6838558480991719 0.04582314111820992 0.06393926667657197
0 0.5710740860446628 0.5716069132669679 0.0458231411182097 0.04973054074844521
1 0.6073063371613867 0.6184957088297871 0.04795445000742892 0.05257228593407026
4 0.5407029343732911 0.6568592688357303 0.06180795778735302 0.07814799260469904
5 0.4506551338037857 0.7698186399643413 0.047954450007429206 0.06536013926938467
3 0.5231196360372339 0.7286133347727721 0.05434837667508624 0.06820188445501017
3 0.5231196360372339 0.7946839103385633 0.04582314111820999 0.06393926667657211
0 0.47676366769671896 0.8309161614552876 0.03836356000594321 0.05399315852688283
0 0.5865260754915012 0.7648455858894964 0.06180795778735302 0.08383148297595
0 0.7735484305204742 0.8003674007098145 0.05221706778586722 0.061097521490946737
