3 0.3992534558316707 0.8206562016585007 0.09536535308635263 0.07259153742393992
3 0.6960247411824838 0.7139039407409412 0.093941989607452 0.05978126611383198
3 0.2462418818498362 0.7405920059703314 0.07970835481844411 0.05764622089548197
5 0.5600935289474597 0.621029473742665 0.07543826438174155 0.057646220895481805
5 0.5487066211162535 0.5639170141517708 0.09251862612855076 0.06725392437806142
5 0.43483754280419057 0.5633832528471833 0.1010588070019559 0.07686162786064235
2 0.34587732537289134 0.5553768332783666 0.08824853569184885 0.06725392437806228
2 0.4903487184813211 0.5158784967388697 0.07259153742394005 0.05657869828630623
5 0.4419543601986945 0.47050878584890704 0.08682517221294793 0.0661864017688865
1 0.5871374350465745 0.4582322758433878 0.08967189917074943 0.07152401481476442
2 0.6526121550760102 0.43474677844152426 0.07828499133954282 0.0608487887230088
1 0.7202219203237984 0.41900262410141914 0.07401490090284067 0.05657869828630615
4 0.7180868751054469 0.3634914484242884 0.08113171829734428 0.060848788723008494
1 0.629838339413598 0.3448098027637154 0.09251862612855032 0.07686162786064203
3 0.47753844717121396 0.3896457523490903 0.08397844525514608 0.06832144698723752
4 0.12240925918546763 0.39925345583167043 0.09109526264965029 0.06405135655053529
0 0.5045823532703287 0.2780896396902413 0.09536535308635267 0.08860437656157394
4 0.39711841061331943 0.28929862708658505 0.0825550817762455 0.06832144698723772
3 0.5373197132850469 0.07045649220558897 0.06405135655053508 0.06405135655053544
