4 0.7407959924279094 0.9073196280215738 0.12033891230706653 0.0960770348258033
3 0.23226704042062837 0.8913067888839399 0.09704750992505369 0.07375610754304088
1 0.41277540888122827 0.8034787924017662 0.11904494550806582 0.09413608462730196
3 0.34290120173518956 0.761263125584368 0.12680874630207004 0.09122465932955047
4 0.7401490090284087 0.6554813397660587 0.08798974233204832 0.05822850595503184
2 0.4425366452582446 0.6714941789036928 0.11645701191006429 0.08443133363479621
3 0.5324673377887944 0.6108394852005344 0.11775097870906505 0.08540180873404742
2 0.7110347560508931 0.5424209907033712 0.1125751115130619 0.0824903834362943
2 0.5415251053817992 0.5424209907033715 0.08669577553304768 0.06696278184828673
4 0.4580642468462532 0.556007642092879 0.09057767593004998 0.06890373204678774
0 0.20897563803861557 0.5569781171921296 0.11257511151306229 0.08054943323779411
2 0.6482773662993583 0.45507823177082346 0.12163287910606664 0.09607703482580256
4 0.6243389805178452 0.3716173732352772 0.08928370913104916 0.0786084830392932
1 0.5208216365977879 0.4143182776023005 0.10222337712105586 0.08054943323779375
0 0.4794146990297645 0.35851595939539493 0.12292684590506786 0.10092941032205552
5 0.37783830530820883 0.3929678254187891 0.08281387513604552 0.06890373204678778
1 0.29114252977516086 0.40267257641129417 0.08022594153804413 0.06308088145128442
0 0.20574072104111374 0.2455302001103856 0.1216328791060671 0.0989884601235545
0 0.6282208809148473 0.07132991979491445 0.08669577553304751 0.07666753284079239
