5 0.5950530902527253 0.15799334615798735 0.06120462959273379 0.05764622089548181
3 0.4100158379956237 0.21457204444429365 0.0697448104661387 0.059781266113833074
5 0.23565381183027706 0.3736329132114566 0.09109526264965019 0.06405135655053522
0 0.4712204675883575 0.32772944101690626 0.08113171829734483 0.07045649220558889
5 0.5452353684911984 0.31331788579303577 0.07543826438174178 0.06298383394135978
5 0.60288158938668 0.3474786092866546 0.0711681739450396 0.058713743504657384
5 0.6633745372399626 0.3346683379765475 0.061204629592734136 0.05444365306795529
1 0.7950356590382865 0.31545293101138705 0.06832144698723795 0.05017356263125279
4 0.7637216625024692 0.4227389532335338 0.059781266113833026 0.04270090436702361
4 0.8441416990603635 0.46864242542808393 0.10390553395975723 0.061916311332183824
4 0.859087015588822 0.618095590712667 0.07401490090284085 0.0491060400220772
4 0.8391599268842101 0.6672016307347434 0.08540180873404637 0.053376130458778336
5 0.7295609390088503 0.6148930228851401 0.07401490090284085 0.0491060400220772
1 0.5907829998160236 0.5225523171914516 0.08397844525514643 0.05444365306795504
3 0.3986289301644172 0.5060057167492298 0.07259153742393974 0.04910604002207706
5 0.08548896480624414 0.5252211237143906 0.08397844525514647 0.05124108524042839
3 0.28262480663400313 0.6084878872300866 0.07970835481844411 0.05551117567713071
2 0.22782531269632286 0.6693366759530953 0.08113171829734486 0.05551117567713078
2 0.33244252839553057 0.673606766389797 0.08540180873404704 0.061916311332182845
3 0.3452527997056377 0.7147063868430577 0.07686162786064255 0.05657869828630651
0 0.4363480623552881 0.6036840354887962 0.07401490090284092 0.05230860784960365
5 0.47691392150396056 0.6976260250962484 0.07543826438174171 0.05871374350465743
1 0.7569558980088814 0.8931821171749033 0.06416364292565532 0.054684922948001716
