0 0.3206674305246242 0.14751221508608156 0.05952247275403283 0.048523754962526845
5 0.27537859255959923 0.17322980521622078 0.07246214074404012 0.057258030855781676
5 0.210033269210063 0.2663954147442723 0.06858024034703789 0.05337613045877947
3 0.14274699566202578 0.2775558783856535 0.0659923067490364 0.052405655359528874
0 0.3873067206731611 0.25620542620214176 0.06340437315103507 0.04852375496252687
3 0.14921682965702934 0.46679852273950795 0.06599230674903633 0.04852375496252658
1 0.19515265102155482 0.4949423006177737 0.06469833995003577 0.052405655359528965
5 0.23332467159207584 0.44059569505974366 0.07634404114104208 0.05434660555802993
3 0.428713658241184 0.38333766420396204 0.05564057235703082 0.038819003970021485
2 0.49729389858822187 0.36926577526482923 0.06081643955303363 0.04755327986327629
1 0.4183619238491783 0.46243138479288076 0.07893197473904365 0.05725803085578164
3 0.6338073958827976 0.3644133997685765 0.06211040635203439 0.039789479069271966
5 0.6305724788852956 0.4396252199604932 0.0608164395530337 0.044641854565524636
1 0.7425006069988576 0.4575790092966281 0.06211040635203432 0.039789479069272035
1 0.87448522049693 0.425068093471735 0.06987420714603855 0.03687805377152037
0 0.8460179509189149 0.4944570630681486 0.0595224727540328 0.041730429267773206
3 0.6752143334508205 0.5944159982909538 0.06211040635203446 0.045612329664775186
3 0.6875070180413272 0.647306891200108 0.05822850595503226 0.040759954168522586
5 0.6441591302748033 0.652644504245986 0.06211040635203439 0.045612329664775186
2 0.48435423059821475 0.6565264046429882 0.05046470516102794 0.037848528870770864
3 0.42547874124368223 0.6710835311317461 0.04917073836202718 0.037848528870770934
4 0.5367598859577438 0.7132991979491444 0.0595224727540328 0.04464185456552471
0 0.36272135149214757 0.7482363015221637 0.06858024034703801 0.0621104063520343
