0 0.529353714538199 0.8343262556780375 0.08322761212400379 0.11565902905495402
3 0.464295510694787 0.7882189400412646 0.0867442717912151 0.12347382831542313
2 0.6922922791189966 0.6506784730569944 0.0832276121240036 0.1078442297944842
3 0.7925170796345228 0.45325835710725415 0.07736651267865043 0.08752575171726173
2 0.7221838862902935 0.43919171843840876 0.11253310935076652 0.12191086846333024
1 0.9056362989298239 0.19927738114198223 0.0808831723458605 0.08908871156935608
2 0.48715379853166124 0.5423470686766115 0.08322761212400359 0.10628126994239015
2 0.42854280407813733 0.5009286325961212 0.0832276121240043 0.1109701494986724
2 0.5914813686589345 0.42356211991746867 0.10432757012727224 0.12503678816751762
5 0.6700201012266578 0.3305660087178772 0.08557205190214527 0.10159239038610873
4 0.5932396984925407 0.328221568939736 0.08674427179121548 0.10002943053401436
2 0.5158731858138887 0.37901776413279065 0.07502207290051123 0.09534055097773293
0 0.5258370548709873 0.3008697715280912 0.06447209389887619 0.08283687216098023
0 0.41037339579754467 0.36964000502022626 0.0867442717912155 0.12034790861123572
2 0.4601927410830405 0.24304025700061402 0.0902609314584272 0.12347382831542421
5 0.33476521295249845 0.32040676967926623 0.11136088946169583 0.14691822609683414
2 0.11136088946169626 0.35322892657323995 0.10315535023820283 0.12191086846333056
1 0.18228019275046065 0.30399569123227943 0.08791649168028651 0.11722198890704849
0 0.18228019275046062 0.18130334284290192 0.1066720099054143 0.14691822609683436
