2 0.11370532923983713 0.4751397950365705 0.08439983201307491 0.0906516714214507
2 0.10725811984994946 0.6595690575836602 0.0949498110147093 0.11878494875914242
4 0.28250499326598705 0.7017689735901976 0.07736651267865209 0.10002943053401417
1 0.39914087222850037 0.23444397781409712 0.0785387325677219 0.10315535023820256
2 0.36690482527906204 0.3743288845765087 0.082055392234934 0.11097014949867245
2 0.41330394552022093 0.6920969091374846 0.06681653367701729 0.10002943053401356
5 0.5223203952037763 0.7257005459575059 0.09963869057099135 0.15160710565311603
5 0.6108229968285981 0.7311709054398345 0.08205539223493413 0.11565902905495525
3 0.7890004199673122 0.7186672266230829 0.10081091046006177 0.12191086846333049
2 0.7081172476214482 0.6358303544621019 0.08439983201307495 0.10315535023820274
5 0.5856202692135826 0.6116044767546451 0.08322761212400462 0.10784422979448452
3 0.45843441124943496 0.5334564841499462 0.0656443137879473 0.08596279186516903
1 0.4150622753538267 0.46624921050990453 0.06564431378794688 0.08908871156935681
1 0.6102368868840626 0.4920380480694555 0.06681653367701772 0.08127391230888685
3 0.7385949647372808 0.5342379640759931 0.07736651267865209 0.09690351082982666
0 0.8048253884697634 0.4873491685131734 0.11604976901797691 0.12503678816751798
2 0.8763308017030623 0.524078725037382 0.07853873256772238 0.08283687216098087
0 0.907394628763431 0.3943530573135816 0.0867442717912153 0.09534055097773261
0 0.7737615614093949 0.37403457923635963 0.08205539223493256 0.09221463127354429
2 0.6835006299509682 0.34277538219448017 0.08439983201307508 0.1015923903861087
5 0.7426977343490277 0.20240330084617056 0.08791649168028595 0.11097014949867268
0 0.6676756614485168 0.11800346883309563 0.08322761212400463 0.11097014949867273
2 0.5510397824860033 0.2094366201805935 0.06798875356608819 0.10628126994239075
