0 0.23665040823729874 0.22006474717483282 0.0747876289226971 0.09971683856359617
3 0.22117710570156832 0.41004251719685625 0.09283981521438255 0.10143609440089944
2 0.16830998870448932 0.5312500537267449 0.06447209389887679 0.06877023349213546
1 0.6853761817734809 0.24671321265303514 0.056735442631011344 0.08424353602786566
1 0.4184617130321313 0.3249393532503392 0.07478762892269718 0.0997168385635963
1 0.4829338069310081 0.3008697715280917 0.06189321014292173 0.08940130353977577
1 0.5880233199861773 0.3232200974130357 0.05802488450898901 0.08596279186516907
3 0.566747528999548 0.39370958674247425 0.054156558875056576 0.07564725684134885
4 0.4403822249577493 0.40574437760359783 0.06447209389887673 0.08596279186516903
4 0.35012129349932175 0.45818168064135106 0.06189321014292151 0.07048948932943862
1 0.28951752523437774 0.6223706131038239 0.05931432638696668 0.06533172181752854
1 0.21859822194561318 0.8080502435325895 0.06962986141078693 0.08596279186516939
3 0.4932493419548284 0.5123382395164076 0.06705097765483181 0.08940130353977586
4 0.6576531813969644 0.45130465729213753 0.05544600075303393 0.07736651267865213
1 0.4558555274934799 0.5888451242764081 0.08252428019056213 0.09799758272629278
4 0.6041413434608964 0.5707929379847225 0.06447209389887681 0.08252428019056232
4 0.519682900453368 0.6679308927923634 0.08123483831258485 0.10487460607550654
5 0.6944022749193239 0.6662116369550602 0.07220874516674203 0.09799758272629276
1 0.8497800212156171 0.638703543558206 0.07607707080067452 0.08768204770247272
