3 0.10784422979448476 0.4851518814051068 0.0914331513474979 0.10315535023820237
5 0.18638296236220733 0.5906516714214508 0.06798875356608809 0.08283687216098091
3 0.2057245905318703 0.49687408029581176 0.06681653367701759 0.07971095245679287
0 0.272541124208888 0.3859039307971389 0.06212765412073561 0.08283687216098104
0 0.31591326010449605 0.4538926843632271 0.07150541323329983 0.10002943053401518
5 0.392693662838613 0.34604845456874256 0.07033319334422919 0.1000294305340147
5 0.4559935368484193 0.2804041407807953 0.06329987400980605 0.09065167142145075
3 0.4577518666820247 0.3726187720543402 0.0644720938988774 0.08752575171726351
4 0.5011240025776322 0.4124742482827363 0.05274989500817328 0.0672072736400422
4 0.9290806967112343 0.5595396270496455 0.08088317234586363 0.08127391230888659
3 0.7309755354583223 0.26023281537364773 0.07619429278958142 0.09846647068192048
5 0.6969811586752787 0.5517248277891754 0.0902609314584268 0.10002943053401456
5 0.656539572502347 0.4430991180686438 0.0679887535660878 0.08283687216098087
5 0.5738980703228777 0.3907399630234956 0.07619429278958162 0.09377759112563902
0 0.5867924891026528 0.516558231117061 0.06212765412073568 0.0703331933442288
2 0.45608997147129393 0.5235915504514841 0.06798875356608816 0.09065167142145066
2 0.4590205211939701 0.6134617419468877 0.055094334786312926 0.07345911304841708
3 0.33007633339621656 0.7710263816682312 0.0691609734551587 0.10159239038610897
5 0.5387314736507628 0.8015040987840635 0.06212765412073507 0.0875257517172623
0 0.6219590857747673 0.7944707794496402 0.0715054132332988 0.09846647068191908
