5 0.07365906003311572 0.3005076144829283 0.05764622089548185 0.07152401481476453
0 0.38470846028165345 0.17934379834149908 0.04083273980096638 0.06191631133218422
3 0.13410752777768356 0.40459106887754887 0.055244295024836826 0.06832144698723773
5 0.2870301415420866 0.33413457667195956 0.06004814676612663 0.08326676351569562
2 0.5220185558868635 0.0773953891652303 0.0368295300165578 0.054443653067955095
3 0.37429831069695674 0.34641108667747916 0.04563659154225645 0.06298383394135976
3 0.33226460796066787 0.44142059889410684 0.04963980132666467 0.06725392437806253
3 0.2333853262857789 0.5102758071859325 0.05524429502483667 0.07045649220558921
4 0.20216028996739296 0.5988801837475063 0.042434023714729714 0.05551117567713085
4 0.25620362205690717 0.6341084298503006 0.059247504809245205 0.07686162786064243
0 0.3466761631845385 0.5684557893860022 0.05124108524042824 0.06298383394136006
1 0.4727772713934047 0.38590942321697597 0.047237875456019845 0.06298383394135987
0 0.5772610467664658 0.4323466567161142 0.04963980132666483 0.06191631133218417
5 0.4863881846603935 0.5695233119951777 0.045636591542256015 0.05444365306795519
3 0.37670023656760193 0.6597289724705149 0.047237875456019915 0.06191631133218423
1 0.8646915092869939 0.49212792282994705 0.04483594958537479 0.04697099480372589
5 0.7245791668326976 0.5177484654501613 0.04483594958537482 0.051241085240428384
0 0.3362678177450764 0.73845696075198 0.04963980132666494 0.06618640176888618
4 0.5456356894696393 0.9033892038696091 0.05364301111107352 0.07365906003311579
