5 0.8729899750192126 0.25273060808359704 0.12507586216382116 0.14097897865887732
1 0.8658980446903358 0.5793892171712395 0.09026093145842749 0.10315535023820276
1 0.7859526482557291 0.6017395430561834 0.08510316394651753 0.09971683856359606
0 0.6673239954817956 0.6911408465959594 0.07994539643460694 0.09971683856359659
5 0.588668040925166 0.6266687526970824 0.0747876289226972 0.09112055937707937
4 0.704717809943144 0.5114786115977558 0.08252428019056211 0.09112055937707925
0 0.5847997152912334 0.5381270770759581 0.10057646648224766 0.11690939693662987
4 0.39779281935606997 0.8985639055991003 0.08639260582449504 0.14097897865887715
3 0.31397909728753 0.7137439030889869 0.086392605824495 0.12206716444854018
1 0.6305370783310151 0.4421014807950529 0.0773665126786524 0.08424353602786573
2 0.5306053327877561 0.4309263178525809 0.10702367587213547 0.14097897865887732
0 0.4480810525971938 0.5968345061523571 0.10444479211618043 0.1426982344961807
1 0.4513046572921377 0.4825039929716822 0.0825242801905623 0.11003237358741634
0 0.37393814461348535 0.44210148079505296 0.08768204770247232 0.11862865277393339
3 0.2746511200092151 0.5443972031146039 0.07994539643460725 0.10315535023820283
5 0.19406100263561918 0.5469760868705591 0.08639260582449493 0.10487460607550628
4 0.29399274817887816 0.45241701581887306 0.09026093145842763 0.11519014109932674
3 0.18310074667281012 0.38536603816404125 0.09799758272629268 0.12550567612314692
5 0.5318947746657335 0.1530137695200009 0.08897148958045004 0.12722493196045012
4 0.14957525784539416 0.2192051192561811 0.07994539643460723 0.10143609440089954
