4 0.46899826629780916 0.08219924090652037 0.08967189917074904 0.08540180873404707
2 0.4291440888885873 0.13557537136529998 0.10959898787536054 0.10675226091755906
2 0.6291266576741475 0.12063005483684171 0.09109526264965029 0.07899667307899363
1 0.7921017760082877 0.1857489339965525 0.09536535308635224 0.07899667307899336
0 0.6163163863640406 0.20656562487547664 0.102482170480856 0.08219924090652024
2 0.4042352280078236 0.2578067101159051 0.10248217048085678 0.08646933134322282
4 0.19001902443325505 0.33360081536737196 0.1209858957065669 0.09500951221662737
5 0.103193852220307 0.35174869972335715 0.10959898787536047 0.07579410525146688
5 0.48394358282626704 0.31064907927009633 0.08824853569184929 0.07899667307899355
5 0.6469187011604075 0.2700832201214243 0.11244571483316258 0.09607703482580332
1 0.7714630055642266 0.3325332927581963 0.12240925918546716 0.08860437656157374
2 0.68748456030908 0.41259748844636573 0.10248217048085652 0.07792915046981812
1 0.45049454107209924 0.5044044328354664 0.13806625745337633 0.10781978352673463
3 0.6035061150539336 0.5444365306795511 0.10248217048085656 0.07472658264229105
4 0.23556665575808022 0.6325071459365373 0.1323728035377732 0.09500951221662747
2 0.39711841061331954 0.588738718960338 0.10532889743865796 0.0800641956881691
4 0.7330321916339051 0.6607964950796902 0.10248217048085584 0.06405135655053508
2 0.6020827515750328 0.6277032941952472 0.11386907831206279 0.08540180873404711
0 0.4946188089180237 0.6559926433384003 0.1266793496221701 0.09287446699827641
0 0.6960247411824849 0.7264491355439892 0.10248217048085646 0.07365906003311554
4 0.5109874889253824 0.7696838012156006 0.12240925918546747 0.09394198960745176
5 0.29605960361136363 0.8086483764505098 0.11386907831206272 0.08433428612487154
3 0.5501299845951542 0.9065917716971356 0.12098589570656687 0.10568473830838315
