5 0.1992187701475293 0.12034790861123668 0.07865595455662973 0.08252428019056231
3 0.4758040529737107 0.19513553753393376 0.06447209389887681 0.07736651267865215
1 0.5531705656523629 0.2269417705240463 0.059314326386966695 0.06533172181752846
5 0.8297936721069654 0.3051679111213501 0.059314326386965995 0.0670509776548319
0 0.36817347979100745 0.35674558624045155 0.061893210142921776 0.07392800100404527
5 0.5654580871215704 0.4255158197325868 0.05931432638696657 0.07736651267865217
1 0.15731190911325935 0.5289239005788736 0.06447209389887675 0.07564725684134882
4 0.2288759333410126 0.5340816680907836 0.060603768264944256 0.07220874516674197
1 0.45646242480404775 0.566747528999548 0.05157767511910136 0.06877023349213517
4 0.3881220052712384 0.6355177624916832 0.06447209389887684 0.09627832688898934
0 0.7401396379591059 0.5856593432098852 0.05415655887505649 0.06877023349213515
4 0.6421420552328128 0.616605948281346 0.061893210142921685 0.09283981521438264
1 0.48354070424157597 0.6114481807694357 0.043841023851236054 0.061893210142921616
4 0.5106189836791042 0.666464367563144 0.043841023851236234 0.06877023349213512
3 0.43969968039033985 0.6845165538548295 0.043841023851236297 0.06705097765483199
3 0.3919903309051708 0.6939724609599981 0.04126214009528117 0.06533172181752858
1 0.35072819080988976 0.6707625071564025 0.05157767511910139 0.07736651267865229
1 0.5157767511910144 0.7825141365811222 0.05157767511910152 0.07392800100404542
0 0.5041717742892166 0.8744943238768532 0.046419907607191425 0.07220874516674192
3 0.552525844713374 0.9028620451923589 0.04513046572921372 0.07048948932943855
4 0.625379310819105 0.8323725558629204 0.04641990760719132 0.07392800100404529
4 0.6756675440602288 0.891686882249887 0.04641990760719139 0.07220874516674215
