5 0.20828700508277226 0.5046970994803724 0.06076872452732035 0.07397931681586829
1 0.29767867956861344 0.5745664542509151 0.03875107071307394 0.051668094284098555
5 0.3549245794856544 0.14972004593687657 0.04227389532335337 0.062236568114936955
0 0.460168964717753 0.2671475329461915 0.044916013781062955 0.06458511785512325
4 0.5297447507707718 0.1820126048644381 0.05020025069648198 0.07515359168596149
4 0.689592917462202 0.14091298441117794 0.0405124830182136 0.05636519376447117
1 0.6666945574953855 0.19962672791583536 0.044035307628492885 0.06106229324484371
1 0.5865502976115282 0.2559919216803066 0.047558132238772616 0.070456492205589
1 0.5288640446182021 0.34934677385271196 0.03787036456050394 0.052842369154191576
4 0.5442764022881746 0.3916206691760653 0.049319544543912575 0.062236568114937295
4 0.6728595005633744 0.40806051735736937 0.05460378145933126 0.0716307670756819
0 0.7943551133749369 0.19786531561069565 0.04491601378106271 0.05988801837475053
5 0.8604080748176764 0.26245043346581887 0.04491601378106241 0.05284236915419153
5 0.7978779379852163 0.42508750297372017 0.05372307530676152 0.056365193764471126
1 0.8106481771974794 0.47675559725781824 0.04931954454391297 0.05401664402428548
1 0.7062844981179508 0.5608211985851618 0.05548448761190113 0.06341084298502984
5 0.5614083360202085 0.8215102197458412 0.056365193764471154 0.07280504194577532
1 0.7406320380681751 0.7962633100388381 0.05372307530676113 0.066933667595309
0 0.757365454967003 0.8767011386402188 0.07309861066329855 0.08689634038689288
