4 0.08682517221294797 0.28609605925905823 0.08255508177624557 0.061916311332184205
4 0.45618799498770235 0.17881003703691142 0.08397844525514647 0.08006419568816928
2 0.6924663324852327 0.17507370790479687 0.06974481046613842 0.07045649220558896
2 0.4497828593326488 0.23111864488651535 0.08255508177624565 0.0757941052514669
0 0.4021001827894721 0.273819549253539 0.08397844525514638 0.07365906003311573
0 0.3458773253728913 0.33893842841325006 0.09678871656525352 0.07792915046981808
5 0.5807322993915206 0.26314432316178293 0.07116817394503844 0.06084878872300857
3 0.7700396420853258 0.26794817490307316 0.0939419896074519 0.07899667307899362
1 0.6099112507089874 0.32185806666644046 0.08397844525514656 0.08219924090652038
5 0.5302028958905433 0.3608226419013494 0.07828499133954318 0.0683214469872376
0 0.6049294785328343 0.3800380488665101 0.07401490090284157 0.0661864017688868
0 0.7173751933659968 0.383240616694037 0.09963544352305519 0.08113171829734483
4 0.4227389532335339 0.44996077976751137 0.08824853569184889 0.07152401481476453
0 0.585714071567674 0.4339479406298775 0.0868251722129481 0.06511887915971104
5 0.5081407619675797 0.47237875456019884 0.09109526264965018 0.06938896959641314
5 0.6725392437806219 0.458500960640916 0.10105880700195588 0.08433428612487165
5 0.6020827515750323 0.492661684134535 0.08255508177624636 0.06938896959641347
4 0.26910285358444563 0.5366951876177941 0.09536535308635273 0.07045649220558917
2 0.24704071966148333 0.6434474485353531 0.09963544352305508 0.07686162786064275
5 0.31251543969091944 0.7149714633501175 0.0996354435230551 0.08113171829734495
3 0.6313488589646957 0.6263670867885437 0.10248217048085612 0.08753685395239855
1 0.8548169251521192 0.6135568154784362 0.11671580526986385 0.08326676351569606
3 0.8007291129538888 0.7315180637923391 0.10532889743865645 0.07579410525146664
