4 0.12414874279701069 0.7316022326284727 0.07992408334571509 0.09519846371845307
4 0.22112329725647822 0.561097521490947 0.08844931890259124 0.112248934832205
3 0.30158020782449824 0.4113426156192801 0.11295937112861078 0.14350813187408418
5 0.42199916006537563 0.20886827114346865 0.08525235556876287 0.11651155261064247
0 0.5045873795226141 0.23941703188894195 0.07353015667805785 0.10372369927532799
3 0.5845114628683299 0.3033562985655139 0.07779277445649678 0.10088195408970249
5 0.6489835567672061 0.271386665227228 0.10230282668251509 0.11935329779626808
2 0.44692534324765254 0.3939978391653787 0.08525235556876326 0.103723699275328
5 0.712806127177731 0.3989708932402231 0.07566146556727713 0.08241061038313732
3 0.6446042427227208 0.42312572731803916 0.07353015667805789 0.08241061038313732
5 0.5092661282573103 0.47427714065929677 0.09058062779180977 0.09946108149688947
3 0.5678771227108347 0.4970111021443002 0.0863180100133716 0.09661933631126418
2 0.6270209443866638 0.4991424110335195 0.06820188445500958 0.08098973779032397
4 0.6813693210617509 0.49914241103351964 0.07033319334422859 0.08383148297594961
5 0.7373161794037507 0.48777543029101783 0.09271193668102873 0.09804020890407722
1 0.4538520971376141 0.5843947666022821 0.10549979001634377 0.12645766076033127
0 0.6568592688357306 0.5843947666022822 0.07885842890110474 0.09519846371845149
0 0.8087150271925891 0.5829738940094691 0.07566146556727736 0.08098973779032442
1 0.8742527755360757 0.5808425851202501 0.06607057556579225 0.06820188445501034
2 0.8502755505323611 0.6355461799435399 0.06287361223196097 0.08951497334720043
1 0.7991241371911031 0.6632531955033875 0.07992408334571506 0.0880941007543882
2 0.42999156839994696 0.8060508910810651 0.0991058633486869 0.12929940594595718
3 0.5019232434110905 0.8863301925749838 0.07459581112266729 0.11082806223939086
