1 0.24183482421468697 0.12103561094615799 0.07233768935453991 0.09834143389375337
1 0.5538797586852507 0.07659284755186563 0.060990600828337425 0.10779734099892199
3 0.08864912911095563 0.5995045104676892 0.07801123361764094 0.08321198252548381
4 0.31204493447056375 0.3479773814702044 0.09361348034116913 0.121035610946158
4 0.6304726062371163 0.30164343665487825 0.05531705656523634 0.08132080110444996
5 0.8524500255309491 0.4084951869432835 0.08226639181496695 0.09455907105168607
4 0.4872156135938122 0.3489229721807213 0.08368477788074219 0.1267091552092592
5 0.3822550447264406 0.4775233088110143 0.06382737295988805 0.0926678896306522
3 0.46168466440985684 0.43402613612723856 0.07233768935453981 0.10023261531478715
0 0.5354407398301719 0.4075495962327666 0.058153828696786876 0.08132080110445
3 0.517001720975093 0.4690129924163624 0.0666641450914388 0.1021237967358209
3 0.4779961041662726 0.5229116629158234 0.06240898689411273 0.08510316394651751
3 0.6588403275526221 0.45577472246912626 0.06666414509143892 0.09077670820961847
3 0.6240898689411275 0.5162925279422055 0.07375607542031502 0.09077670820961854
4 0.5006902812186771 0.6023412825992397 0.06240898689411298 0.08132080110445003
5 0.5616808820470146 0.598558919757172 0.06808253115721394 0.09645025247272007
5 0.6531667832895206 0.573973561283734 0.07517446148609024 0.0888855267885848
3 0.6000151294513684 0.7664390945023356 0.06240898689411273 0.08510316394651721
1 0.7468180872591108 0.7985891786599087 0.10354218280159579 0.1267091552092595
