2 0.8710558122022463 0.26023281537364795 0.09143315134749795 0.09846647068192076
1 0.9290806967112326 0.5204656307472955 0.08088317234586356 0.0843998320130739
0 0.5903091487698645 0.18755518225127774 0.08088317234586315 0.10628126994239057
1 0.8106864879151133 0.5673544263101143 0.11136088946169592 0.1250367881675161
5 0.7092894675105187 0.45091391732911346 0.10081091046006083 0.11097014949867216
3 0.6213729758302321 0.34854004701695795 0.07736651267865201 0.09377759112563883
1 0.5492814526523973 0.411058441100717 0.0785387325677219 0.09690351082982623
1 0.48832601842073226 0.3469770871648638 0.09963869057099121 0.13128862757589407
0 0.40627062618579834 0.26101429529969494 0.06916097345515868 0.09377759112563883
0 0.25964670542911283 0.25163653618713117 0.07384985301144073 0.10315535023820274
2 0.11429143918437237 0.33681784812625304 0.12073864857426003 0.13597750713217624
5 0.15707746513544507 0.45638427681144267 0.08674427179121573 0.09065167142145042
4 0.34228820760858203 0.4602916764416776 0.06564431378794716 0.08908871156935666
0 0.13011640768682398 0.6439394590627205 0.079710952456793 0.10315535023820253
0 0.4477879976249259 0.530624869785907 0.07736651267865212 0.10784422979448476
5 0.5274989500817187 0.5845469846831493 0.06095543423166522 0.07502207290051077
3 0.6025210229822294 0.8351077356040837 0.07267763312236866 0.10471831009029468
5 0.5515294578076635 0.7679004619640432 0.07384985301143991 0.1078442297944844
4 0.4313769191779388 0.7053820678802836 0.07267763312236958 0.10784422979448381
5 0.2133440198108281 0.704600587954235 0.0890887115693564 0.1187849487591444
