2 0.17436202616534643 0.12009629353225394 0.13521953049557475 0.11635996440013936
3 0.09892376178360468 0.21724085096723258 0.10959898787536054 0.08646933134322266
3 0.40708195496562505 0.18788397921490382 0.09109526264965 0.07899667307899352
1 0.6099112507089871 0.23752378054156878 0.10105880700195538 0.08860437656157379
2 0.30104137578751655 0.29944009187375314 0.09536535308635283 0.07579410525146688
0 0.3985417740922204 0.2786234009948291 0.10248217048085662 0.08540180873404726
3 0.5814439811309715 0.3074465114425701 0.1039055339597572 0.08540180873404724
2 0.4063702732261744 0.34801237059124246 0.08967189917075011 0.07472658264229146
0 0.32737360014718087 0.36349144842428827 0.08824853569184914 0.06938896959641354
3 0.35726423320409756 0.42647528236564847 0.09678871656525391 0.07579410525146674
0 0.4312791341069382 0.4430218828078701 0.09394198960745291 0.07045649220558868
4 0.2697273792516991 0.4707774706464353 0.0982120800441542 0.07259153742393998
0 0.45476463150880164 0.5118770910996956 0.08967189917074943 0.06298383394135965
2 0.16012839137633855 0.6287708168044224 0.13237280353777314 0.08540180873404654
5 0.3451656436334409 0.5732596411272922 0.08397844525514636 0.061916311332184205
0 0.5444365306795508 0.5652532215584756 0.10390553395975687 0.07579410525146701
1 0.8846204021368385 0.5914075254832771 0.12952607657997114 0.07899667307899393
1 0.5408781219822989 0.6258333254839556 0.09678871656525376 0.06938896959641329
2 0.39071327495826597 0.6498525841904066 0.12952607657997117 0.09607703482580368
3 0.2590521531599428 0.7026949533445981 0.09394198960745279 0.06725392437806203
2 0.33876050797838686 0.7224441216143467 0.07970835481844506 0.06191631133218409
3 0.21706293053236986 0.8815049903815095 0.11244571483316176 0.08967189917074951
4 0.6974481046613857 0.809980975566745 0.10532889743865796 0.08326676351569627
