0 0.10561370977432244 0.23299091413603137 0.04330603999114475 0.03247952999335858
2 0.1900162979203291 0.30722983983513674 0.04418983672565794 0.03380522509512833
4 0.4768083382698489 0.2873444133085906 0.04153844652211852 0.033805225095128365
4 0.5139278011194017 0.2903272272875725 0.03800325958406596 0.03181668244247382
0 0.6791977904733622 0.3025899069789425 0.04684122692919729 0.03910800550220717
1 0.6045169664070005 0.36125191523225353 0.04242224325663159 0.03314237754424347
2 0.45913240357958574 0.40301131093800024 0.03093288570796055 0.02783959713716442
5 0.7154334565884019 0.4185882283837942 0.048608820398223604 0.03645661529866777
0 0.13522090038051324 0.4573648101105594 0.053027804070789504 0.035793767747782895
4 0.2757445811681054 0.4633304380685233 0.05479539753981584 0.039770853053092164
0 0.33805225095128305 0.46498755694573546 0.03977085305309213 0.03115383489158887
5 0.5483958737654149 0.5518205861116532 0.041538446522118376 0.03115383489158887
0 0.6606380590485859 0.47029033735281445 0.03800325958406589 0.031153834891588943
2 0.7733221426990139 0.5272952267289132 0.04242224325663203 0.029828139789819207
1 0.7260390174025595 0.572037436413642 0.04860882039822381 0.03446807264601332
1 0.6928966398583165 0.5932485580419578 0.04949261713273743 0.03314237754424337
4 0.5921438121238161 0.5932485580419575 0.06009817794689475 0.04242224325663159
4 0.32700479176986863 0.6234081216072191 0.04949261713273692 0.035130920196898216
0 0.23376423627873041 0.6800815872078755 0.048608820398223715 0.03049098734070398
1 0.18382972077873697 0.6615218557830991 0.06186577141592108 0.03711946284955261
2 0.7406056584203882 0.7232611475055674 0.048608820398223715 0.03513092019689808
5 0.6663667327212828 0.7567349488252532 0.048608820398223715 0.03977085305309231
0 0.7900982755531253 0.803134277387194 0.06805234855751346 0.049050718765480214
