3 0.38891493096816665 0.2803167093167733 0.04181880978152321 0.036852826119967326
4 0.5493946135047624 0.24895260198063085 0.042864280026061366 0.03685282611996737
4 0.6408732599018445 0.2716915797993341 0.04181880978152328 0.03685282611996736
0 0.4281200651383446 0.3602951830239366 0.053318982471442136 0.04312564758719589
3 0.7051696799409365 0.34343697533076 0.05540992296051828 0.0407733395369852
5 0.532667089592153 0.377545442058815 0.05122804198236602 0.04155744222038868
3 0.4961007510277542 0.4003902827112044 0.05133091434052424 0.04090432236510514
2 0.9091015058553218 0.441695627844595 0.05346970243804604 0.035290003609110415
2 0.8139254355155998 0.49382858772168986 0.055608490535568114 0.03849818575539311
4 0.5449728322522277 0.5371390466965074 0.04812273219424115 0.035290003609110554
2 0.7134023949320729 0.6333845110849903 0.07271879531574257 0.04972682326738301
1 0.11656395131494053 0.4192383528206156 0.05346970243804612 0.03529000360911036
0 0.20318486926457513 0.5275145002576591 0.0769963715107864 0.0497268232673829
4 0.13527834716825662 0.5636065494033401 0.06095546077937255 0.04010227682853453
4 0.14436819658272446 0.6221558735730005 0.05774727863308981 0.036894094682251646
1 0.15827031921661644 0.6594509910235377 0.0491921262430024 0.03288386699939821
3 0.2026501722401948 0.6706796285355274 0.05881667268185069 0.03930023129196391
5 0.3288386699939834 0.6622581504015349 0.07378818936450353 0.051330914340524086
2 0.5464603589168311 0.6807858764448648 0.04919212624300243 0.03529000360910991
4 0.7100776483772522 0.6900094001154278 0.05774727863308982 0.04250841343824661
4 0.6967102227677402 0.7357259956999574 0.05453909648680691 0.03769614021882289
3 0.5314888422341782 0.7204871305051141 0.05346970243804619 0.03930023129196401
1 0.3122630622381893 0.7846507734307694 0.0663024310231772 0.04892477773081235
