1 0.12410878075533788 0.7241049983924961 0.11205249919624792 0.12103561094615815
5 0.14467537870907957 0.47636023223707846 0.09645025247271971 0.11725324810409035
3 0.6155795525464759 0.1539137999508294 0.08510316394651744 0.1304915180513267
5 0.4723225599031714 0.23050664750269514 0.08510316394651732 0.13238269947236064
2 0.39218374718686766 0.24658168958148155 0.06666414509143864 0.10779734099892196
0 0.3262287951283166 0.3600525748435049 0.07659284755186564 0.10779734099892199
0 0.4049492217788451 0.40260415681676354 0.07233768935453987 0.09455907105168607
5 0.8694706583202523 0.3042627229230101 0.09361348034116929 0.10968852241995576
2 0.5957221476256217 0.4092232917903815 0.07375607542031497 0.10401497815685465
0 0.3716171492331259 0.4820337765001797 0.10212379673582085 0.13238269947236034
3 0.5077822115475538 0.4725778693950112 0.07375607542031502 0.09834143389375334
4 0.34608620004917073 0.5605178054730791 0.07375607542031506 0.10023261531478724
1 0.3141725135692268 0.6635871929194167 0.10637895493314681 0.12860033663029286
3 0.41842388940371067 0.576592847551866 0.08510316394651712 0.11347088526202245
4 0.553170565652363 0.5775384382623825 0.08510316394651739 0.11157970384098938
3 0.389346975055317 0.7770580781814398 0.09503186640694426 0.12481797378822503
3 0.5510429865537 0.6862813699718217 0.08368477788074187 0.10590615957788817
4 0.6368931671615258 0.8269568999754149 0.1021237967358207 0.12292679236719212
2 0.7312158405355825 0.78629649942319 0.09503186640694437 0.09834143389375358
