4 0.14267439671631765 0.6019208190384222 0.06693366759530951 0.07750214142614795
3 0.2307450119733039 0.827381594096307 0.06164943067989032 0.07280504194577517
0 0.3544842264093694 0.4510264982314526 0.07309861066329848 0.10451046343829012
0 0.3364297502816872 0.5754996344613265 0.052842369154191715 0.06928221733549603
5 0.383547529444175 0.5467299001440442 0.05020025069648213 0.06810794246540276
2 0.37385976176590646 0.6518275010173811 0.057245899917041 0.07632786655605478
1 0.3469982241125257 0.7299167798785756 0.08102496603642734 0.10568473830838343
4 0.4975989762019718 0.6518275010173814 0.059888018374750336 0.08572206551680031
2 0.300761151102608 0.27243176986161066 0.05900731222218077 0.07985069116633423
4 0.2857891465089203 0.3381911625868269 0.04667742608620264 0.07045649220558944
4 0.34875963641766544 0.3135313903148708 0.0422738953233535 0.06810794246540282
0 0.46193037702289275 0.3558052856382243 0.05196166300162181 0.07045649220558889
0 0.8885906716999118 0.5501477766386406 0.06957578605301915 0.07397931681586821
0 0.8529220725208323 0.47323277264753927 0.058126606069610426 0.07515359168596161
2 0.7758602841709696 0.31000856570459134 0.05196166300162174 0.06575939272521625
5 0.6886703750665533 0.30296291648403256 0.053723075306761466 0.07045649220558885
0 0.6327455343783671 0.35756669794336404 0.05812660606961096 0.07867641629624111
1 0.5570048052573591 0.45679292446623493 0.06869507990044903 0.09394198960745163
1 0.5724171629273315 0.5454506771582676 0.05900731222218017 0.07867641629624039
