5 0.30139721665724145 0.8579127407187283 0.1487414835451319 0.1221245864896867
1 0.5354693407624759 0.7862819736430463 0.14091298441117728 0.1244731362298733
3 0.783632763308828 0.7258068178332487 0.17066128112020348 0.12564741109996597
0 0.4141276041861839 0.7017341829963395 0.14874148354513209 0.11977603674950059
1 0.2262436249712801 0.6606345625430795 0.1330844852772236 0.09394198960745197
3 0.5581719882509428 0.6336262405309369 0.18318687973453027 0.138564434670991
5 0.43369885202106984 0.5972237195580494 0.14717578371834142 0.10568473830838347
0 0.9096715993654921 0.4392837495305206 0.14717578371833928 0.09511626447754445
0 0.68734222396119 0.4750991330683621 0.17535838060057687 0.11507893726912878
2 0.5245094419749395 0.4897775689445261 0.18475257956132127 0.13269306032052552
1 0.45327009985595546 0.38644138037632897 0.1737926807737856 0.13973870954108442
4 0.6740337754334667 0.35991524768354943 0.15187288319871178 0.10920756291866109
1 0.7531016166864053 0.29474299239338025 0.15970138233266534 0.1221245864896869
2 0.5660004873848979 0.3370168877167336 0.13308448527722308 0.1033361885681965
0 0.31157426553138234 0.3505210487228052 0.12212458648968731 0.10216191369810407
3 0.4751898974310268 0.2835873811274949 0.11116468770214957 0.09746481421772987
4 0.4618814489033052 0.19199394126022976 0.11273038752894174 0.1068590131784763
0 0.2434663230659798 0.18436115460462443 0.12995308562364177 0.1103818377887559
2 0.27869456916877383 0.10216191369810378 0.12525598614326847 0.11507893726912818
