3 0.9424546599910856 0.5241548340778164 0.06393926667657199 0.07246450223344833
1 0.856669477200018 0.44813815036233606 0.06500492112118218 0.06251839408375932
0 0.644071415500416 0.6598481666914302 0.07246450223344822 0.0937775911256392
3 0.5385716254840722 0.7131308889219069 0.05541403111969587 0.07530624741907387
1 0.5060691649234813 0.6541646763201798 0.056479685564305264 0.07672712001188658
2 0.6771067032833126 0.5021313088892193 0.0852523555687648 0.10230282668251563
2 0.5785336671569297 0.5774375563082931 0.06713623001040053 0.07956886519751209
2 0.5764023582677107 0.5127878533353144 0.05647968556430541 0.06962275704782284
0 0.6137002638290445 0.45453207702999326 0.06500492112118189 0.08098973779032459
3 0.5236524632595387 0.4644781851796823 0.07246450223344832 0.08951497334720081
3 0.48582173047590016 0.5269965792634416 0.05647968556430534 0.07530624741907371
5 0.4618445054721857 0.46447818517968237 0.07246450223344829 0.08951497334720089
0 0.5034050288119576 0.3870406288713896 0.061807957787353034 0.07672712001188649
2 0.40536481990788054 0.4815286562934349 0.06180795778735317 0.08667322816157538
3 0.44479403435843345 0.38206757479654496 0.04688879556281977 0.061097521490946646
5 0.34941796156587995 0.3884615014642023 0.0650049211211816 0.08809410075438812
4 0.2871938728222695 0.5470359482328943 0.06500492112118157 0.08809410075438817
5 0.20513848058733533 0.2031847807722178 0.0628736122319627 0.08241061038313736
2 0.06873471167731492 0.27635971930207237 0.07566146556727689 0.09235671853282612
