3 0.4501223065814807 0.15416467632017924 0.07459581112266747 0.12361591557470597
4 0.7074778549546837 0.16482122076627448 0.07353015667805891 0.10230282668251522
0 0.4069633015747946 0.23941703188894192 0.05647968556430536 0.09804020890407707
2 0.3771249771257277 0.34029898597864433 0.08205539223493413 0.12361591557470587
5 0.4682384321398431 0.295541499305044 0.06607057556579131 0.10230282668251521
5 0.653129478279597 0.23941703188894195 0.0713988477888387 0.10372369927532808
1 0.42934204491159483 0.4042382526552168 0.07779277445649588 0.11509068001782932
0 0.4948797932550814 0.36090163857442903 0.0575453400089145 0.06536013926938455
1 0.5556220965978245 0.349534657831927 0.07459581112266707 0.12503678816751862
2 0.669647122171045 0.30832935264035843 0.07885842890110493 0.11651155261064206
4 0.6723112582825687 0.4369183222899086 0.07139884778883894 0.0951984637184517
5 0.849742723310056 0.43123483191865813 0.08738366445798182 0.09804020890407729
2 0.49487979325508114 0.43620788599350246 0.06393926667657185 0.09661933631126413
5 0.5449655521517298 0.512224569708983 0.09590890001485716 0.13498289631720647
1 0.49274848436586227 0.5868203808316501 0.07459581112266736 0.10230282668251595
2 0.32117811878372726 0.7111467327027624 0.07459581112266743 0.10372369927532836
3 0.6222254993859204 0.5832681993496185 0.0756614655672772 0.10372369927532857
3 0.5481625154855579 0.6429448482477527 0.08098973779032428 0.1037236992753269
5 0.7469070694052362 0.6379717941729082 0.0927119366810299 0.11082806223939229
5 0.6493996877234638 0.7004901882566673 0.11509068001783007 0.14777074965252307
1 0.4767636676967193 0.7836112349362108 0.07459581112266776 0.10656544446095387
0 0.08152256501262933 0.657153574175879 0.1012371722379057 0.11793242520345508
4 0.16890622947061115 0.6685205549183816 0.07992408334571506 0.09519846371845021
