2 0.2199096574901715 0.06458511785512322 0.08113171829734477 0.06938896959641339
0 0.2626977179293921 0.9247396560531205 0.08824853569184882 0.07365906003311536
1 0.24917576487983464 0.7747527294639504 0.10675226091755903 0.07686162786064273
5 0.5850895459004202 0.7795565812052405 0.09251862612855137 0.07152401481476442
2 0.41997938234792914 0.7630099807630188 0.0725915374239402 0.06191631133218422
5 0.7672800711997209 0.7021611920400095 0.10959898787535977 0.07899667307899227
1 0.423537791045181 0.6258333254839555 0.0967887165652535 0.06938896959641341
1 0.355216344057943 0.5767272854618785 0.07116817394503933 0.05017356263125262
1 0.5509288224068011 0.5519091889437803 0.0925186261285509 0.0619163113321842
3 0.6413124033170012 0.5236198398006271 0.09394198960745197 0.06511887915971112
5 0.7950356590382863 0.4851890258703053 0.08540180873404697 0.05657869828630617
5 0.8299080642713557 0.42754280497482383 0.08967189917074952 0.05871374350465735
5 0.5978998172105277 0.4718449932556109 0.0953653530863526 0.07045649220558906
0 0.5765493650270155 0.4190026241014189 0.09251862612855093 0.06938896959641291
5 0.7943239772988364 0.3026426597012799 0.11813916874876541 0.08860437656157409
2 0.6398890398381009 0.3138516470976235 0.10248217048085664 0.08540180873404711
0 0.485454102377365 0.37897052625733435 0.08113171829734477 0.06618640176888625
1 0.22426690399907073 0.38644318452156357 0.09678871656525338 0.07472658264229128
3 0.2264019492174219 0.2791571622994167 0.08967189917074926 0.06938896959641298
