5 0.6931780142246832 0.8863088421227997 0.09963544352305491 0.08219924090652024
5 0.2220447027085226 0.8564182090658824 0.0910952626496501 0.07579410525146589
4 0.5131225341437339 0.6834795463794373 0.09536535308635287 0.07579410525146685
2 0.25905215315994323 0.6637303781096888 0.09109526264965037 0.05978126611383301
5 0.29178951317466123 0.6023478280820924 0.1053288974386582 0.0693889695964133
5 0.11742748700931496 0.5457691297957863 0.10105880700195594 0.06511887915971101
1 0.11529244179096378 0.485987863681953 0.08824853569184885 0.060848788723008675
2 0.598524342877781 0.5788623306802295 0.0725915374239402 0.05657869828630638
5 0.6874845603090803 0.5404315167499083 0.07116817394503926 0.05444365306795504
5 0.5401664402428488 0.5073383158654647 0.09536535308635262 0.07579410525146686
5 0.4412426784592439 0.48171777324525067 0.09678871656525337 0.07365906003311576
5 0.4917720819602219 0.4384831075736393 0.08682517221294768 0.06832144698723766
1 0.45334126802990055 0.37656679624145484 0.1152924417909635 0.09394198960745184
2 0.658392765063811 0.3586875966829982 0.11671580526986448 0.09607703482580314
0 0.5566222763224045 0.33573586058572297 0.10959898787536027 0.09714455743497835
3 0.46552701367275434 0.265813129684722 0.07543826438174163 0.07045649220558896
1 0.8007291129538896 0.25407038098379053 0.08540180873404662 0.06832144698723769
1 0.6420240850564519 0.2375237805415688 0.0925186261285512 0.08433428612487155
0 0.5210381893498848 0.09020566047533737 0.0868251722129476 0.07792915046981808
