0 0.5317134154416407 0.9140644299613647 0.09678871656525331 0.08219924090652028
5 0.6804548989867729 0.7790228199006526 0.09251862612855112 0.06832144698723765
2 0.43207797191858566 0.689350920729903 0.09109526264965022 0.06405135655053526
5 0.5885607985254748 0.603415350691268 0.10675226091755925 0.07579410525146671
5 0.5003122628336264 0.5793960919848172 0.07543826438174168 0.049106040022077135
5 0.2583404714204924 0.5740584789389392 0.12098589570656654 0.08753685395239842
5 0.5721921185181161 0.4902579541186556 0.07686162786064249 0.058713743504657516
3 0.5245094419749399 0.3925796353790881 0.08967189917074919 0.07259153742393988
0 0.444801087156496 0.4043223840800204 0.09821208004415434 0.0747265826422913
2 0.20211761400391176 0.423537791045181 0.10817562439645981 0.07899667307899363
5 0.44978285933264867 0.3301295627423169 0.09394198960745195 0.08006419568816922
3 0.3636693688591512 0.3370684597019583 0.08113171829734483 0.06832144698723773
1 0.25905215315994323 0.3167855301276219 0.0825550817762456 0.07045649220558896
5 0.5010239445730769 0.2676794901055448 0.09963544352305456 0.08967189917074941
3 0.22489142966632428 0.2441939927036818 0.08255508177624554 0.0683214469872378
2 0.30958155666092113 0.19615547529078023 0.08113171829734477 0.0661864017688865
4 0.5152575793620848 0.17507370790479673 0.09394198960745184 0.08113171829734474
5 0.6462070194209575 0.11208987396343696 0.0882485356918484 0.07472658264229126
3 0.38359645756376176 0.04910604002207714 0.058357902634932186 0.06191631133218422
