2 0.6817911063934767 0.1190287709230782 0.11671580526986493 0.10995482874508555
5 0.21635124879291964 0.19268783095619407 0.09963544352305512 0.08646933134322284
0 0.13806625745337628 0.25887423272508064 0.11386907831206287 0.08860437656157388
4 0.7814265499165319 0.22791607705898845 0.09394198960745147 0.08006419568816911
2 0.3558408697251969 0.3277294410169062 0.11386907831206296 0.09394198960745176
1 0.4655270136727542 0.3859094232169758 0.11813916874876566 0.10141464787168122
2 0.5893596363371225 0.34053971232701324 0.0982120800441538 0.07686162786064216
4 0.738101119882255 0.3223918279710282 0.11956253222766627 0.09394198960745183
0 0.5779727285059155 0.41206372714177775 0.1039055339597573 0.08326676351569605
2 0.69326517029688 0.3971184106133184 0.13237280353777267 0.10461721569920752
2 0.6213853146123904 0.47878389021525225 0.12810271310107074 0.09927960265332998
3 0.780802024249278 0.4590347219455039 0.13664289397447552 0.09180694438910071
1 0.5146330536948315 0.5423014854611999 0.13094944005887246 0.09821208004415424
5 0.3388476640505842 0.5204172719731004 0.1295260765799716 0.09714455743497873
2 0.7479775081623637 0.5425665619682595 0.15229989224238424 0.09714455743497873
2 0.15870502789743773 0.7859617168602938 0.16368680007359038 0.11849500961849019
5 0.3458773253728913 0.7000261468216585 0.15941670963688806 0.12169757744601664
0 0.647630382899858 0.6461162550582914 0.13664289397447507 0.09714455743497849
4 0.4818085376079164 0.7357881542290413 0.10390553395975743 0.08006419568816937
0 0.8662038329833259 0.7752864907685381 0.13379616701667368 0.08433428612487152
4 0.5466587319700991 0.835067756882371 0.12098589570656654 0.09927960265332965
2 0.6875717163812766 0.8718972868989293 0.11813916874876533 0.09821208004415444
1 0.8085576120878442 0.8697622416805779 0.14375971136897928 0.11742748700931499
