2 0.27432096138815176 0.12422081270406866 0.06987420714603862 0.06016945615353324
5 0.2439127416116349 0.19166883210198102 0.07375610754304077 0.057258030855781676
5 0.44383061205724517 0.10820797356643483 0.05952247275403285 0.055317080657280554
3 0.2367959242171308 0.36198721202045014 0.05175867196002839 0.036878053771519974
0 0.5680514247613141 0.1557612534297111 0.05434660555802993 0.049494230061777396
0 0.8382541501249104 0.13732222654395096 0.06469833995003568 0.055317080657280596
5 0.719856188016345 0.23097307362162772 0.053052638759029234 0.04658280476402585
3 0.885483938288436 0.4308909440672383 0.06858024034703798 0.05240565535952899
3 0.7632040757828684 0.4483594958537478 0.06211040635203375 0.04658280476402541
4 0.629925495485795 0.446903783204872 0.062110406352034374 0.047553279863276204
1 0.5716969895307629 0.5128960899539085 0.056934539156031604 0.045612329664774916
2 0.4565339444196993 0.5420103429314247 0.059522472754032864 0.047553279863276315
1 0.10157639372155615 0.6380127879795496 0.05564057235703075 0.031055203176017118
4 0.13974841429207727 0.6506289642698069 0.05693453915603146 0.03105520317601702
2 0.38560210610221324 0.7962002291573873 0.07505007434204146 0.054346605558030066
4 0.6715687686813713 0.8102721180965201 0.06211040635203445 0.049494230061777396
2 0.7362671086314068 0.7981411793558882 0.06211040635203455 0.04852375496252652
5 0.795553245757887 0.6249113741396674 0.06987420714603858 0.05337613045877951
4 0.8621925359064236 0.645776588773554 0.06599230674903649 0.048523754962526616
