2 0.46008989255368676 0.2227494467451104 0.07514212835592987 0.061574799624998115
2 0.878937682093223 0.23422949413282196 0.06679300298304816 0.05740023693855765
0 0.38216472240679644 0.3406808426370565 0.06957604477400946 0.05322567425211719
0 0.5755861268785426 0.3719900627853606 0.055660835819207374 0.04278926753601562
2 0.28823706196188376 0.4017338219262497 0.06261844029660846 0.039658345521185294
4 0.19152635972601054 0.4408703471116297 0.08905733731073177 0.05531295559533693
4 0.5428853858347581 0.41008294729913075 0.0654014820875689 0.05009475223728679
1 0.18596027614408986 0.4925305603563318 0.08627429551977153 0.05426931492372708
1 0.3285911679308092 0.5692381497196773 0.06818452387852919 0.04487654887923618
2 0.38633928509323695 0.5645417666974317 0.06400996119208863 0.048007470894066484
3 0.7140424559788212 0.4742668486031545 0.0654014820875689 0.046963830222456336
2 0.549147229864419 0.5196652178181956 0.05009475223728679 0.0354837828347447
2 0.5901970962810842 0.5494089769590846 0.06261844029660846 0.04696383022245624
2 0.4920948731497312 0.5681945090480669 0.08627429551977148 0.05948751828177767
1 0.8671097544816416 0.6297693086730657 0.07931669104237073 0.05531295559533745
4 0.7662244895593284 0.5212306788256107 0.0584438776101679 0.042789267536015745
1 0.3167632403192276 0.6613386020625092 0.06679300298304898 0.04070198619279566
2 0.2812794574844826 0.6973442052330588 0.06540148208756849 0.04383290820762578
5 0.3898180873319373 0.6921260018750083 0.0570523567146875 0.04383290820762578
0 0.3355487724082101 0.8048391944089036 0.06540148208756885 0.048007470894066276
2 0.5178380097161139 0.7281316050455583 0.09323189999717245 0.07201120634109973
1 0.6075911074745867 0.6994314865762794 0.0584438776101677 0.048007470894066276
2 0.7731820940367292 0.6863859781811525 0.08070821193785094 0.05531295559533731
