0 0.9396306757128693 0.5953405509777329 0.062127654120735905 0.05782951452747716
4 0.8476114144208363 0.6070627498684377 0.07971095245679222 0.0812739123088867
0 0.45257331180408195 0.7166170921850895 0.07971095245679208 0.1109701494986699
3 0.5504536725414679 0.6236209809854987 0.07384985301144034 0.09377759112563883
0 0.48480935875352066 0.6212765412073579 0.07150541323329908 0.09221463127354462
2 0.6254757454419785 0.5439100285287054 0.062127654120734815 0.06877023349213461
0 0.5117704162021418 0.5485989080849876 0.06916097345515869 0.09065167142145068
0 0.5914813686589342 0.47123239540633505 0.09260537123656663 0.11097014949867144
0 0.41447616540929116 0.503273072374262 0.0926053712365678 0.11253310935076617
4 0.6366118343881485 0.35479188642533394 0.07502207290051109 0.08752575171726279
2 0.6336812846654726 0.27039205441225894 0.0644720938988768 0.08127391230888702
5 0.4789482593081683 0.3774548042806968 0.05978321434259476 0.0797109524567932
4 0.5410759134289039 0.2742994540424939 0.06212765412073523 0.08283687216098104
4 0.42502614441092584 0.23053657818386233 0.0855720519021453 0.12347382831542467
3 0.35352073117762617 0.44856947755097265 0.08088317234586329 0.10315535023820246
5 0.34883185162134384 0.36807704516813267 0.06681653367701762 0.08283687216098057
3 0.24675228664933743 0.5009286325961212 0.07619429278958152 0.09221463127354493
3 0.14008027674392298 0.5626655467538321 0.09026093145842717 0.10002943053401454
0 0.07033319334422915 0.5696988660882564 0.079710952456793 0.09846647068192048
