0 0.39427168365551796 0.8473442668878903 0.11386907831206279 0.08967189917074908
5 0.4697099480372556 0.8105147368713319 0.10817562439645913 0.08860437656157248
1 0.32879696362608163 0.8014407946933401 0.09678871656525341 0.07259153742393996
2 0.3907132749582661 0.7507334707574996 0.1209858957065669 0.0950095122166274
2 0.28111428708290537 0.7491321868437362 0.11529244179096367 0.08540180873404722
1 0.509564125446481 0.7181740311776443 0.12525598614326916 0.10034712526250585
1 0.6255682489768956 0.676540649419796 0.10959898787535978 0.0854018087340473
4 0.16724520877084242 0.6567914811500476 0.10390553395975727 0.06938896959641327
4 0.4441765614892425 0.5735247176343514 0.0982120800441544 0.0651188791597108
4 0.6114217702600852 0.5366951876177937 0.09394198960745208 0.07045649220558886
5 0.7096338503042385 0.42620659756812 0.09963544352305495 0.08006419568816908
3 0.37229670580475266 0.4635698888892654 0.12525598614326913 0.09073942177992517
5 0.5068045545608769 0.4246053136543565 0.08682517221294792 0.06832144698723751
3 0.44061815279199024 0.37229670580475216 0.09678871656525297 0.07686162786064242
0 0.6184514315823918 0.2962375240462263 0.09251862612855116 0.07792915046981812
0 0.4768267654317635 0.30477770491963063 0.13379616701667374 0.11208987396343689
2 0.20282929574336214 0.30958155666092113 0.10390553395975749 0.08113171829734485
4 0.5736154819970167 0.14731812006623135 0.12525598614326855 0.1174274870093147
0 0.4618814489033052 0.1339740874515366 0.10959898787536038 0.09927960265332991
