5 0.8121160207850958 0.8649583899392879 0.07401490090284064 0.058713743504657696
0 0.6021699076472299 0.6696017524601546 0.07828499133954324 0.05871374350465729
4 0.5359835058783432 0.666399184632628 0.06547472002943633 0.05230860784960397
1 0.3687382971075009 0.6808107398564985 0.06689808350833709 0.05337613045877958
1 0.3045997844847684 0.6904184433390786 0.07970835481844392 0.05978126611383287
5 0.3494357340701431 0.6252995641793677 0.08682517221294765 0.057646220895482034
0 0.43697258802254185 0.5612482076288322 0.07686162786064249 0.05764622089548175
5 0.4348375428041905 0.5068045545608771 0.07828499133954331 0.05764622089548183
1 0.36580441407750236 0.509473361083816 0.07970835481844403 0.06298383394135985
3 0.39213663843716673 0.45929979845256336 0.07828499133954288 0.05657869828630613
0 0.3060231479636691 0.4422194367057537 0.07401490090284073 0.0544436530679548
0 0.5700570732997636 0.38430813930321184 0.07259153742394166 0.06191631133218498
4 0.46543985760055706 0.3720316292976933 0.08540180873404667 0.06938896959641325
0 0.3771913219087085 0.34214099624077654 0.07970835481844381 0.06298383394135956
4 0.26261056185719517 0.34641108667747905 0.0896718991707494 0.06725392437806207
3 0.3757679584298077 0.28342725273611913 0.0797083548184441 0.05871374350465733
4 0.5145458976226345 0.17720875312314796 0.06974481046613856 0.05978126611383303
5 0.3579759149435477 0.11422491918178812 0.06689808350833686 0.06191631133218422
3 0.08184340003679527 0.07205777611935237 0.08113171829734486 0.06511887915971103
