4 0.5060928728214263 0.057646220895481826 0.07116817394503906 0.07259153742394003
5 0.7139039407409417 0.2978388079599895 0.1337961670166738 0.10675226091755881
5 0.5317134154416407 0.25887423272508064 0.11956253222766587 0.10568473830838335
4 0.4199793823479288 0.2743533105581267 0.09821208004415433 0.0811317182973448
4 0.38439529537540934 0.3373371444994865 0.12383262266436841 0.1046172156992078
0 0.553775549364603 0.3661602549472275 0.08397844525514639 0.07472658264229123
5 0.23129656532137782 0.4638385736867939 0.10959898787536047 0.080064195688169
4 0.4405309967197931 0.4211376693197702 0.0982120800441555 0.07792915046981878
1 0.5508416663346045 0.4611697671638551 0.10532889743865818 0.08967189917074965
2 0.6504771098576597 0.4622372897730305 0.09109526264965041 0.07045649220558897
4 0.38430813930321234 0.5033369102262909 0.08824853569184855 0.06725392437806214
0 0.3181217375343259 0.5743271637364676 0.10390553395975749 0.07472658264229115
3 0.4206039080151826 0.5753946863456433 0.09536535308635262 0.07259153742394005
5 0.5914075254832771 0.5524429502483681 0.10390553395975723 0.07579410525146696
2 0.25620542620214154 0.6186293520172544 0.10248217048085662 0.06511887915971085
0 0.5921192072227269 0.6186293520172547 0.08824853569184922 0.05871374350465754
4 0.22987320184247714 0.6837482311769658 0.11244571483316221 0.07792915046981817
2 0.6333967481108502 0.6784106181310878 0.09394198960745209 0.06725392437806217
0 0.7458424629440126 0.6938896959641337 0.11956253222766604 0.08540180873404721
0 0.7017181950980881 0.781426549916532 0.09963544352305476 0.076861627860642
3 0.589984162004376 0.8401402934211891 0.08682517221294778 0.07259153742394019
4 0.37505627669035735 0.8815049903815089 0.10105880700195574 0.0918069443891001
3 0.4832319010868173 0.9498264373687474 0.1095989878753607 0.09394198960745215
