2 0.3537058245068454 0.051774846545016136 0.058357902634932284 0.05017356263125274
0 0.5209510332776879 0.0667201630734744 0.05978126611383302 0.050173562631252756
1 0.5693453915603148 0.1430480296295291 0.06547472002943612 0.053376130458779494
2 0.7707513238247757 0.13717665527906328 0.06689808350833627 0.05444365306795495
4 0.6163163863640405 0.3368033831948981 0.0683214469872377 0.043768426976198975
4 0.9437771425834179 0.3992534558316707 0.07828499133954316 0.04697099480372584
0 0.6334839041830471 0.4024560236591976 0.05835790263493255 0.042700904367023555
0 0.17800759093479526 0.47237875456019873 0.06689808350833698 0.045903472194550356
3 0.5672975024141607 0.5081407619675811 0.06547472002943622 0.046970994803726074
5 0.8427183355814624 0.5060057167492298 0.07828499133954307 0.0533761304587794
3 0.24063558400642987 0.5935425707016282 0.049817721761527455 0.04270090436702311
3 0.2911649875074078 0.6415810881145293 0.05124108524042831 0.04270090436702301
3 0.07330321916339053 0.759807412935492 0.05835790263493225 0.04483594958537482
1 0.36224600538025037 0.6866821142069642 0.05266444871932919 0.0480385174129016
4 0.450494541072099 0.7400582446657438 0.0555111756771307 0.05017356263125252
5 0.5707687550392158 0.7752864907685381 0.05408781219822984 0.04376842697619921
3 0.44195436019869405 0.879369945163158 0.052664448719328606 0.044835949585374575
5 0.5657869828630626 0.874566093421868 0.061204629592733796 0.05444365306795504
0 0.8113171829734485 0.8478780281924783 0.0483943582826263 0.035228246102794444
