2 0.2553094918395521 0.18997777002202362 0.11347088526202326 0.14269823449618071
0 0.4377655175733735 0.13410195530966373 0.1070236758721355 0.15473302535730432
0 0.3268735160673053 0.35416670248449655 0.11476032714000085 0.13754046698427064
0 0.4261605406715755 0.2527306080835967 0.07607707080067448 0.10659386191280959
2 0.6028140779544976 0.2578883755955072 0.08381372206853985 0.13066344363505708
4 0.6608389624634873 0.34471079537932797 0.08123483831258457 0.11519014109932649
3 0.7775334524204538 0.32579898116899075 0.08510316394651736 0.11175162942471978
1 0.6692203346703411 0.4745146110957333 0.074787628922697 0.10315535023820281
3 0.7910725921392182 0.41691954054606994 0.09928702460427019 0.12550567612314686
5 0.3707145399185416 0.47648659754112044 0.07607707080067463 0.08424353602786568
3 0.33074184170123794 0.5753438081860649 0.0812348383125847 0.09283981521438257
3 0.2514411662056195 0.6492718091901102 0.09799758272629275 0.10315535023820292
0 0.2894797016059567 0.8126011137339317 0.08897148958044995 0.11003237358741655
2 0.34943874893191207 0.855582509666516 0.08510316394651739 0.11347088526202322
5 0.48676430893651973 0.6105885528507842 0.0786559545566297 0.1048746060755063
4 0.5602624959812389 0.5994133899083119 0.10702367587213574 0.14441749033348422
0 0.7562576614338251 0.616605948281346 0.07607707080067488 0.10659386191280956
1 0.5609072169202284 0.719761298519549 0.08510316394651733 0.11003237358741627
5 0.5344736584216886 0.8237762766764034 0.08639260582449498 0.11519014109932661
5 0.7220874516674199 0.8237762766764035 0.08768204770247236 0.12894418779775343
