5 0.07678040273411688 0.390592810353421 0.09494981101470942 0.12034790861123641
3 0.2461661767048021 0.4288853267297236 0.0820553922349339 0.10628126994239077
5 0.597246033481412 0.20069318832400204 0.09494981101470776 0.12816270787170614
2 0.4050019716738529 0.38824837057527944 0.07384985301144024 0.09690351082982676
3 0.41262140095281097 0.5992479506079674 0.1008109104600618 0.13754046698426978
1 0.40910474128559954 0.7102181001066401 0.0632998740098067 0.1000294305340157
0 0.4712323954063353 0.379652091388763 0.07502207290051056 0.09534055097773234
0 0.7191569019447432 0.2616486225556675 0.0715054132332988 0.08439983201307483
5 0.9261501469885594 0.2194487065491301 0.07736651267865213 0.09377759112563894
1 0.5551425520977502 0.3507373341250245 0.07619429278958169 0.09377759112563894
3 0.656539572502347 0.303848538562205 0.09143315134749813 0.10940718964657908
2 0.5311120443718049 0.4679593230320722 0.06798875356608762 0.07814799260469904
4 0.8423364249200191 0.8046300184882521 0.06916097345515863 0.08127391230888716
1 0.8739863619249222 0.5889415588992822 0.09729425079284976 0.10002943053401472
3 0.7661421321304376 0.6319229548318668 0.07150541323329969 0.08283687216098104
1 0.7087033575659829 0.36387534019774853 0.07853873256772391 0.08439983201307583
1 0.7813809906883533 0.39826045694381645 0.07150541323329952 0.0750220729005112
3 0.8481975243653705 0.41232709561266156 0.07384985301144044 0.0875257517172638
2 0.6313368448873309 0.48734916851317256 0.0715054132332979 0.0875257517172611
0 0.7128061271777298 0.44280481272849465 0.07736651267865156 0.07658503275260518
1 0.7544199332397327 0.5154824458508652 0.0785387325677227 0.07814799260469912
3 0.5639342012657784 0.5670601209699665 0.075022072900511 0.09690351082982632
4 0.6477479233343181 0.5967563581597521 0.08322761212400459 0.09690351082982623
