5 0.5068045545608766 0.8462767442787144 0.1266793496221689 0.10888730613591
2 0.6398890398381003 0.7646112646767824 0.12810271310107074 0.0928744669982765
0 0.5238849163076865 0.7347206316198657 0.10675226091755877 0.08433428612487136
5 0.8854192399484859 0.5660520593701223 0.1181391687487637 0.08006419568816875
5 0.7274258937904989 0.5569781171921295 0.13237280353777195 0.09180694438909986
2 0.5808194554637173 0.5425665619682595 0.14660643832677966 0.10995482874508586
2 0.46268028671495254 0.5703221498068249 0.13521953049557472 0.10141464787168113
4 0.2933000327257588 0.621563235047253 0.10959898787536014 0.08006419568816911
4 0.16021554744853453 0.6354410289665341 0.13664289397447374 0.0907394217799216
5 0.5238849163076863 0.4534284241020976 0.14945316528458275 0.1174274870093149
1 0.2876065788101557 0.5126759289113428 0.12667934962216973 0.09287446699827645
2 0.37372006928365337 0.4587660371479755 0.12810271310107055 0.1024821704808564
5 0.2733729440211481 0.4112612810396618 0.10105880700195596 0.08433428612487165
0 0.513921371955381 0.3634914484242885 0.10959898787536065 0.08433428612487148
1 0.8284847007924547 0.18735021791031592 0.103905533959757 0.0843342861248712
5 0.5630274119774581 0.27542083316730204 0.12525598614326927 0.11102235135426129
3 0.44275319801034124 0.2722182653397755 0.09536535308635267 0.09180694438910071
0 0.3424060727478361 0.21670708966264482 0.12240925918546756 0.11742748700931491
4 0.22711363095687237 0.11635996440013922 0.0882485356918488 0.08326676351569585
